0.000000 0.000000 0.000000 0.500000 0.000000 0.000000 0.000000 0.000000
0.025000 0.000000 0.000000 0.500000 0.000000 0.000000 0.000000 0.000000
0.050000 0.000000 0.000000 0.500000 0.000000 0.000000 0.000000 0.000000
0.075000 0.000000 0.000000 0.500000 0.000000 0.000000 0.000000 0.000000
0.100000 0.000000 0.000000 0.500000 0.000000 0.000000 0.000000 0.000000
0.125000 0.000000 0.000000 0.500000 0.000000 0.000000 0.000000 0.000000
0.150000 0.000000 0.000000 0.500000 0.000000 0.000000 0.000000 0.000000
0.175000 0.000000 0.000000 0.500000 0.000000 0.000000 0.000000 0.000000
0.200000 0.000000 0.000000 0.500000 0.000000 0.000000 0.000000 0.000000
0.225000 0.000000 0.000000 0.500000 0.000000 0.000000 0.000000 0.000000
0.250000 0.000000 0.000000 0.500000 0.000000 0.000000 0.000000 0.000000
0.275000 0.000000 0.000000 0.500000 0.000000 0.000000 0.000000 0.000000
0.300000 0.000000 0.000000 0.500000 0.000000 0.000000 0.000000 0.000000
0.325000 0.000000 0.000000 0.500000 0.000000 0.000000 0.000000 0.000000
0.350000 0.000000 0.000000 0.500000 0.000000 0.000000 0.000000 0.000000
0.375000 0.000000 0.000000 0.500000 0.000000 0.000000 0.000000 0.000000
0.400000 0.000000 0.000000 0.500000 0.000000 0.000000 0.000000 0.000000
0.425000 0.000000 0.000000 0.500000 0.000000 0.000000 0.000000 0.000000
0.450000 0.000000 0.000000 0.500000 0.000000 0.000000 0.000000 0.000000
0.475000 0.000000 0.000000 0.500000 0.000000 0.000000 0.000000 0.000000
0.500000 0.000000 0.000000 0.500000 0.000000 0.000000 0.000000 0.000000
0.525000 0.000000 0.000000 0.500000 0.000000 0.000000 0.000000 0.000000
0.550000 0.000000 0.000000 0.500000 0.000000 0.000000 0.000000 0.000000
0.575000 0.000000 0.000000 0.500000 0.000000 0.000000 0.000000 0.000000
0.600000 0.000000 0.000000 0.500000 0.000000 0.000000 0.000000 0.000000
0.625000 0.000000 0.000000 0.500000 0.000000 0.000000 0.000000 0.000000
0.650000 0.000000 0.000000 0.500000 0.000000 0.000000 0.000000 0.000000
0.675000 0.000000 0.000000 0.500000 0.000000 0.000000 0.000000 0.000000
0.700000 0.000000 0.000000 0.500000 0.000000 0.000000 0.000000 0.000000
0.725000 0.000000 0.000000 0.500000 0.000000 0.000000 0.000000 0.000000
0.750000 0.000000 0.000000 0.500000 0.000000 0.000000 0.000000 0.000000
0.775000 0.000000 0.000000 0.500000 0.000000 0.000000 0.000000 0.000000
0.800000 0.000000 0.000000 0.500000 0.000000 0.000000 0.000000 0.000000
0.825000 0.000000 0.000000 0.500000 0.000000 0.000000 0.000000 0.000000
0.850000 0.000000 0.000000 0.500000 0.000000 0.000000 0.000000 0.000000
0.875000 0.000000 0.000000 0.500000 0.000000 0.000000 0.000000 0.000000
0.900000 0.000000 0.000000 0.500000 0.000000 0.000000 0.000000 0.000000
0.925000 0.000000 0.000000 0.500000 0.000000 0.000000 0.000000 0.000000
0.950000 0.000000 0.000000 0.500000 0.000000 0.000000 0.000000 0.000000
0.975000 0.000000 0.000000 0.500000 0.000000 0.000000 0.000000 0.000000
1.000000 0.000000 0.000000 0.500000 0.000000 0.000000 0.000000 0.000000
1.025000 0.000000 0.000000 0.500000 0.000000 0.000000 0.000000 0.000000
1.050000 0.000000 0.000000 0.500000 0.000000 0.000000 0.000000 0.000000
1.075000 0.000000 0.000000 0.500000 0.000000 0.000000 0.000000 0.000000
1.100000 0.000000 0.000000 0.500000 0.000000 0.000000 0.000000 0.000000
1.125000 0.000000 0.000000 0.500000 0.000000 0.000000 0.000000 0.000000
1.150000 0.000000 0.000000 0.500000 0.000000 0.000000 0.000000 0.000000
1.175000 0.000000 0.000000 0.500000 0.000000 0.000000 0.000000 0.000000
1.200000 0.000000 0.000000 0.500000 0.000000 0.000000 0.000000 0.000000
1.225000 0.000000 0.000000 0.500000 0.000000 0.000000 0.000000 0.000000
1.250000 0.000000 0.000000 0.500000 0.000000 0.000000 0.000000 0.000000
1.275000 0.000000 0.000000 0.500000 0.000000 0.000000 0.000000 0.000000
1.300000 0.000000 0.000000 0.500000 0.000000 0.000000 0.000000 0.000000
1.325000 0.000000 0.000000 0.500000 0.000000 0.000000 0.000000 0.000000
1.350000 0.000000 0.000000 0.500000 0.000000 0.000000 0.000000 0.000000
1.375000 0.000000 0.000000 0.500000 0.000000 0.000000 0.000000 0.000000
1.400000 0.000000 0.000000 0.500000 0.000000 0.000000 0.000000 0.000000
1.425000 0.000000 0.000000 0.500000 0.000000 0.000000 0.000000 0.000000
1.450000 0.000000 0.000000 0.500000 0.000000 0.000000 0.000000 0.000000
1.475000 0.000000 0.000000 0.500000 0.000000 0.000000 0.000000 0.000000
1.500000 0.000000 0.000000 0.500000 0.000000 0.000000 0.000000 0.000000
1.525000 0.000000 0.000000 0.500000 0.000000 0.000000 0.000000 0.000000
1.550000 0.000000 0.000000 0.500000 0.000000 0.000000 0.000000 0.000000
1.575000 0.000000 0.000000 0.500000 0.000000 0.000000 0.000000 0.000000
1.600000 0.000000 0.000000 0.500000 0.000000 0.000000 0.000000 0.000000
1.625000 0.000000 0.000000 0.500000 0.000000 0.000000 0.000000 0.000000
1.650000 0.000000 0.000000 0.500000 0.000000 0.000000 0.000000 0.000000
1.675000 0.000000 0.000000 0.500000 0.000000 0.000000 0.000000 0.000000
1.700000 0.000000 0.000000 0.500000 0.000000 0.000000 0.000000 0.000000
1.725000 0.000000 0.000000 0.500000 0.000000 0.000000 0.000000 0.000000
1.750000 0.000000 0.000000 0.500000 0.000000 0.000000 0.000000 0.000000
1.775000 0.000000 0.000000 0.500000 0.000000 0.000000 0.000000 0.000000
1.800000 0.000000 0.000000 0.500000 0.000000 0.000000 0.000000 0.000000
1.825000 0.000000 0.000000 0.500000 0.000000 0.000000 0.000000 0.000000
1.850000 0.000000 0.000000 0.500000 0.000000 0.000000 0.000000 0.000000
1.875000 0.000000 0.000000 0.500000 0.000000 0.000000 0.000000 0.000000
1.900000 0.000000 0.000000 0.500000 0.000000 0.000000 0.000000 0.000000
1.925000 0.000000 0.000000 0.500000 0.000000 0.000000 0.000000 0.000000
1.950000 0.000000 0.000000 0.500000 0.000000 0.000000 0.000000 0.000000
1.975000 0.000000 0.000000 0.500000 0.000000 0.000000 0.000000 0.000000
2.000000 0.000000 0.000000 0.500000 0.000000 0.000000 0.000000 0.000000
2.025000 0.000000 0.000000 0.500000 0.000000 0.000000 0.000000 0.000000
2.050000 0.000000 0.000000 0.500000 0.000000 0.000000 0.000000 0.000000
2.075000 0.000000 0.000000 0.500000 0.000000 0.000000 0.000000 0.000000
2.100000 0.000000 0.000000 0.500000 0.000000 0.000000 0.000000 0.000000
2.125000 0.000000 0.000000 0.500000 0.000000 0.000000 0.000000 0.000000
2.150000 0.000000 0.000000 0.500000 0.000000 0.000000 0.000000 0.000000
2.175000 0.000000 0.000000 0.500000 0.000000 0.000000 0.000000 0.000000
2.200000 0.000000 0.000000 0.500000 0.000000 0.000000 0.000000 0.000000
2.225000 0.000000 0.000000 0.500000 0.000000 0.000000 0.000000 0.000000
2.250000 0.000000 0.000000 0.500000 0.000000 0.000000 0.000000 0.000000
2.275000 0.000000 0.000000 0.500000 0.000000 0.000000 0.000000 0.000000
2.300000 0.000000 0.000000 0.500000 0.000000 0.000000 0.000000 0.000000
2.325000 0.000000 0.000000 0.500000 0.000000 0.000000 0.000000 0.000000
2.350000 0.000000 0.000000 0.500000 0.000000 0.000000 0.000000 0.000000
2.375000 0.000000 0.000000 0.500000 0.000000 0.000000 0.000000 0.000000
2.400000 0.000000 0.000000 0.500000 0.000000 0.000000 0.000000 0.000000
2.425000 0.000000 0.000000 0.500000 0.000000 0.000000 0.000000 0.000000
2.450000 0.000000 0.000000 0.500000 0.000000 0.000000 0.000000 0.000000
2.475000 0.000000 0.000000 0.500000 0.000000 0.000000 0.000000 0.000000
2.500000 0.000000 0.000000 0.500000 0.000000 0.104720 0.000000 0.000000
2.526180 0.000069 0.005236 0.500000 0.000000 0.104720 0.000000 0.000000
2.552359 0.000274 0.010472 0.500000 0.000000 0.104720 0.000000 0.000000
2.578537 0.000617 0.015708 0.500000 0.000000 0.104720 0.000000 0.000000
2.604712 0.001097 0.020944 0.500000 0.000000 0.104720 0.000000 0.000000
2.630885 0.001713 0.026180 0.500000 0.000000 0.104720 0.000000 0.000000
2.657054 0.002467 0.031416 0.500000 0.000000 0.104720 0.000000 0.000000
2.683219 0.003358 0.036652 0.500000 0.000000 0.104720 0.000000 0.000000
2.709378 0.004386 0.041888 0.500000 0.000000 0.104720 0.000000 0.000000
2.735532 0.005551 0.047124 0.500000 0.000000 0.104720 0.000000 0.000000
2.761680 0.006852 0.052360 0.500000 0.000000 0.104720 0.000000 0.000000
2.787820 0.008291 0.057596 0.500000 0.000000 0.104720 0.000000 0.000000
2.813953 0.009866 0.062832 0.500000 0.000000 0.104720 0.000000 0.000000
2.840076 0.011579 0.068068 0.500000 0.000000 0.104720 0.000000 0.000000
2.866191 0.013428 0.073304 0.500000 0.000000 0.104720 0.000000 0.000000
2.892295 0.015413 0.078540 0.500000 0.000000 0.104720 0.000000 0.000000
2.918389 0.017536 0.083776 0.500000 0.000000 0.104720 0.000000 0.000000
2.944471 0.019795 0.089012 0.500000 0.000000 0.104720 0.000000 0.000000
2.970542 0.022190 0.094248 0.500000 0.000000 0.104720 0.000000 0.000000
2.996599 0.024722 0.099484 0.500000 0.000000 0.104720 0.000000 0.000000
3.022642 0.027391 0.104720 0.500000 0.000000 0.104720 0.000000 0.000000
3.048672 0.030195 0.109956 0.500000 0.000000 0.104720 0.000000 0.000000
3.074686 0.033136 0.115192 0.500000 0.000000 0.104720 0.000000 0.000000
3.100684 0.036213 0.120428 0.500000 0.000000 0.104720 0.000000 0.000000
3.126666 0.039426 0.125664 0.500000 0.000000 0.104720 0.000000 0.000000
3.152631 0.042776 0.130900 0.500000 0.000000 0.104720 0.000000 0.000000
3.178578 0.046261 0.136136 0.500000 0.000000 0.104720 0.000000 0.000000
3.204506 0.049882 0.141372 0.500000 0.000000 0.104720 0.000000 0.000000
3.230415 0.053638 0.146608 0.500000 0.000000 0.104720 0.000000 0.000000
3.256304 0.057531 0.151844 0.500000 0.000000 0.104720 0.000000 0.000000
3.282172 0.061558 0.157080 0.500000 0.000000 0.104720 0.000000 0.000000
3.308019 0.065721 0.162316 0.500000 0.000000 0.104720 0.000000 0.000000
3.333844 0.070020 0.167552 0.500000 0.000000 0.104720 0.000000 0.000000
3.359646 0.074453 0.172788 0.500000 0.000000 0.104720 0.000000 0.000000
3.385424 0.079022 0.178024 0.500000 0.000000 0.104720 0.000000 0.000000
3.411178 0.083725 0.183260 0.500000 0.000000 0.104720 0.000000 0.000000
3.436907 0.088564 0.188496 0.500000 0.000000 0.104720 0.000000 0.000000
3.462610 0.093537 0.193732 0.500000 0.000000 0.104720 0.000000 0.000000
3.488287 0.098644 0.198968 0.500000 0.000000 0.104720 0.000000 0.000000
3.513936 0.103886 0.204204 0.500000 0.000000 0.104720 0.000000 0.000000
3.539558 0.109262 0.209440 0.500000 0.000000 0.104720 0.000000 0.000000
3.565152 0.114772 0.214675 0.500000 0.000000 0.104720 0.000000 0.000000
3.590716 0.120416 0.219911 0.500000 0.000000 0.104720 0.000000 0.000000
3.616251 0.126194 0.225147 0.500000 0.000000 0.104720 0.000000 0.000000
3.641754 0.132105 0.230383 0.500000 0.000000 0.104720 0.000000 0.000000
3.667227 0.138150 0.235619 0.500000 0.000000 0.104720 0.000000 0.000000
3.692667 0.144329 0.240855 0.500000 0.000000 0.104720 0.000000 0.000000
3.718075 0.150640 0.246091 0.500000 0.000000 0.104720 0.000000 0.000000
3.743449 0.157084 0.251327 0.500000 0.000000 0.104720 0.000000 0.000000
3.768790 0.163661 0.256563 0.500000 0.000000 0.104720 0.000000 0.000000
3.794095 0.170371 0.261799 0.500000 0.000000 0.104720 0.000000 0.000000
3.819365 0.177213 0.267035 0.500000 0.000000 0.104720 0.000000 0.000000
3.844599 0.184187 0.272271 0.500000 0.000000 0.104720 0.000000 0.000000
3.869796 0.191293 0.277507 0.500000 0.000000 0.104720 0.000000 0.000000
3.894956 0.198532 0.282743 0.500000 0.000000 0.104720 0.000000 0.000000
3.920077 0.205901 0.287979 0.500000 0.000000 0.104720 0.000000 0.000000
3.945159 0.213403 0.293215 0.500000 0.000000 0.104720 0.000000 0.000000
3.970202 0.221035 0.298451 0.500000 0.000000 0.104720 0.000000 0.000000
3.995204 0.228798 0.303687 0.500000 0.000000 0.104720 0.000000 0.000000
4.020165 0.236693 0.308923 0.500000 0.000000 0.104720 0.000000 0.000000
4.045085 0.244717 0.314159 0.500000 0.000000 0.104720 0.000000 0.000000
4.069962 0.252873 0.319395 0.500000 0.000000 0.104720 0.000000 0.000000
4.094797 0.261158 0.324631 0.500000 0.000000 0.104720 0.000000 0.000000
4.119587 0.269573 0.329867 0.500000 0.000000 0.104720 0.000000 0.000000
4.144333 0.278118 0.335103 0.500000 0.000000 0.104720 0.000000 0.000000
4.169034 0.286793 0.340339 0.500000 0.000000 0.104720 0.000000 0.000000
4.193690 0.295596 0.345575 0.500000 0.000000 0.104720 0.000000 0.000000
4.218298 0.304529 0.350811 0.500000 0.000000 0.104720 0.000000 0.000000
4.242860 0.313590 0.356047 0.500000 0.000000 0.104720 0.000000 0.000000
4.267374 0.322780 0.361283 0.500000 0.000000 0.104720 0.000000 0.000000
4.291840 0.332098 0.366519 0.500000 0.000000 0.104720 0.000000 0.000000
4.316256 0.341544 0.371755 0.500000 0.000000 0.104720 0.000000 0.000000
4.340623 0.351118 0.376991 0.500000 0.000000 0.104720 0.000000 0.000000
4.364939 0.360819 0.382227 0.500000 0.000000 0.104720 0.000000 0.000000
4.389204 0.370647 0.387463 0.500000 0.000000 0.104720 0.000000 0.000000
4.413417 0.380602 0.392699 0.500000 0.000000 0.104720 0.000000 0.000000
4.437578 0.390684 0.397935 0.500000 0.000000 0.104720 0.000000 0.000000
4.461686 0.400893 0.403171 0.500000 0.000000 0.104720 0.000000 0.000000
4.485739 0.411227 0.408407 0.500000 0.000000 0.104720 0.000000 0.000000
4.509739 0.421687 0.413643 0.500000 0.000000 0.104720 0.000000 0.000000
4.533683 0.432273 0.418879 0.500000 0.000000 0.104720 0.000000 0.000000
4.557572 0.442984 0.424115 0.500000 0.000000 0.104720 0.000000 0.000000
4.581404 0.453819 0.429351 0.500000 0.000000 0.104720 0.000000 0.000000
4.605179 0.464780 0.434587 0.500000 0.000000 0.104720 0.000000 0.000000
4.628896 0.475865 0.439823 0.500000 0.000000 0.104720 0.000000 0.000000
4.652555 0.487074 0.445059 0.500000 0.000000 0.104720 0.000000 0.000000
4.676155 0.498406 0.450295 0.500000 0.000000 0.104720 0.000000 0.000000
4.699696 0.509862 0.455531 0.500000 0.000000 0.104720 0.000000 0.000000
4.723176 0.521441 0.460767 0.500000 0.000000 0.104720 0.000000 0.000000
4.746595 0.533143 0.466003 0.500000 0.000000 0.104720 0.000000 0.000000
4.769952 0.544967 0.471239 0.500000 0.000000 0.104720 0.000000 0.000000
4.793248 0.556914 0.476475 0.500000 0.000000 0.104720 0.000000 0.000000
4.816480 0.568982 0.481711 0.500000 0.000000 0.104720 0.000000 0.000000
4.839649 0.581172 0.486947 0.500000 0.000000 0.104720 0.000000 0.000000
4.862754 0.593483 0.492183 0.500000 0.000000 0.104720 0.000000 0.000000
4.885794 0.605914 0.497419 0.500000 0.000000 0.104720 0.000000 0.000000
4.908768 0.618467 0.502655 0.500000 0.000000 0.104720 0.000000 0.000000
4.931677 0.631139 0.507891 0.500000 0.000000 0.104720 0.000000 0.000000
4.954519 0.643931 0.513127 0.500000 0.000000 0.104720 0.000000 0.000000
4.977293 0.656842 0.518363 0.500000 0.000000 0.104720 0.000000 0.000000
5.000000 0.669873 0.523599 0.500000 0.000000 0.104720 0.000000 0.000000
5.022638 0.683022 0.528835 0.500000 0.000000 0.104720 0.000000 0.000000
5.045207 0.696290 0.534071 0.500000 0.000000 0.104720 0.000000 0.000000
5.067706 0.709675 0.539307 0.500000 0.000000 0.104720 0.000000 0.000000
5.090135 0.723179 0.544543 0.500000 0.000000 0.104720 0.000000 0.000000
5.112493 0.736799 0.549779 0.500000 0.000000 0.104720 0.000000 0.000000
5.134779 0.750537 0.555015 0.500000 0.000000 0.104720 0.000000 0.000000
5.156993 0.764390 0.560251 0.500000 0.000000 0.104720 0.000000 0.000000
5.179134 0.778360 0.565487 0.500000 0.000000 0.104720 0.000000 0.000000
5.201202 0.792446 0.570723 0.500000 0.000000 0.104720 0.000000 0.000000
5.223195 0.806647 0.575959 0.500000 0.000000 0.104720 0.000000 0.000000
5.245114 0.820963 0.581195 0.500000 0.000000 0.104720 0.000000 0.000000
5.266958 0.835394 0.586431 0.500000 0.000000 0.104720 0.000000 0.000000
5.288726 0.849939 0.591667 0.500000 0.000000 0.104720 0.000000 0.000000
5.310417 0.864597 0.596903 0.500000 0.000000 0.104720 0.000000 0.000000
5.332031 0.879369 0.602139 0.500000 0.000000 0.104720 0.000000 0.000000
5.353568 0.894254 0.607375 0.500000 0.000000 0.104720 0.000000 0.000000
5.375026 0.909251 0.612611 0.500000 0.000000 0.104720 0.000000 0.000000
5.396406 0.924361 0.617847 0.500000 0.000000 0.104720 0.000000 0.000000
5.417706 0.939582 0.623083 0.500000 0.000000 0.104720 0.000000 0.000000
5.438926 0.954915 0.628319 0.500000 0.000000 0.104720 0.000000 0.000000
5.460066 0.970359 0.633555 0.500000 0.000000 0.104720 0.000000 0.000000
5.481124 0.985913 0.638791 0.500000 0.000000 0.104720 0.000000 0.000000
5.502101 1.001577 0.644026 0.500000 0.000000 0.104720 0.000000 0.000000
5.522996 1.017350 0.649262 0.500000 0.000000 0.104720 0.000000 0.000000
5.543807 1.033233 0.654498 0.500000 0.000000 0.104720 0.000000 0.000000
5.564535 1.049225 0.659734 0.500000 0.000000 0.104720 0.000000 0.000000
5.585179 1.065325 0.664970 0.500000 0.000000 0.104720 0.000000 0.000000
5.605739 1.081533 0.670206 0.500000 0.000000 0.104720 0.000000 0.000000
5.626213 1.097848 0.675442 0.500000 0.000000 0.104720 0.000000 0.000000
5.646602 1.114270 0.680678 0.500000 0.000000 0.104720 0.000000 0.000000
5.666904 1.130799 0.685914 0.500000 0.000000 0.104720 0.000000 0.000000
5.687120 1.147434 0.691150 0.500000 0.000000 0.104720 0.000000 0.000000
5.707248 1.164174 0.696386 0.500000 0.000000 0.104720 0.000000 0.000000
5.727288 1.181020 0.701622 0.500000 0.000000 0.104720 0.000000 0.000000
5.747240 1.197970 0.706858 0.500000 0.000000 0.104720 0.000000 0.000000
5.767103 1.215025 0.712094 0.500000 0.000000 0.104720 0.000000 0.000000
5.786876 1.232183 0.717330 0.500000 0.000000 0.104720 0.000000 0.000000
5.806559 1.249445 0.722566 0.500000 0.000000 0.104720 0.000000 0.000000
5.826152 1.266809 0.727802 0.500000 0.000000 0.104720 0.000000 0.000000
5.845653 1.284276 0.733038 0.500000 0.000000 0.104720 0.000000 0.000000
5.865063 1.301845 0.738274 0.500000 0.000000 0.104720 0.000000 0.000000
5.884380 1.319515 0.743510 0.500000 0.000000 0.104720 0.000000 0.000000
5.903604 1.337286 0.748746 0.500000 0.000000 0.104720 0.000000 0.000000
5.922736 1.355157 0.753982 0.500000 0.000000 0.104720 0.000000 0.000000
5.941773 1.373128 0.759218 0.500000 0.000000 0.104720 0.000000 0.000000
5.960716 1.391199 0.764454 0.500000 0.000000 0.104720 0.000000 0.000000
5.979564 1.409369 0.769690 0.500000 0.000000 0.104720 0.000000 0.000000
5.998317 1.427637 0.774926 0.500000 0.000000 0.104720 0.000000 0.000000
6.016974 1.446003 0.780162 0.500000 0.000000 0.104720 0.000000 0.000000
6.035534 1.464466 0.785398 0.500000 0.000000 0.104720 0.000000 0.000000
6.053997 1.483026 0.790634 0.500000 0.000000 0.104720 0.000000 0.000000
6.072363 1.501683 0.795870 0.500000 0.000000 0.104720 0.000000 0.000000
6.090631 1.520436 0.801106 0.500000 0.000000 0.104720 0.000000 0.000000
6.108801 1.539284 0.806342 0.500000 0.000000 0.104720 0.000000 0.000000
6.126872 1.558227 0.811578 0.500000 0.000000 0.104720 0.000000 0.000000
6.144843 1.577264 0.816814 0.500000 0.000000 0.104720 0.000000 0.000000
6.162714 1.596396 0.822050 0.500000 0.000000 0.104720 0.000000 0.000000
6.180485 1.615620 0.827286 0.500000 0.000000 0.104720 0.000000 0.000000
6.198155 1.634937 0.832522 0.500000 0.000000 0.104720 0.000000 0.000000
6.215724 1.654347 0.837758 0.500000 0.000000 0.104720 0.000000 0.000000
6.233191 1.673848 0.842994 0.500000 0.000000 0.104720 0.000000 0.000000
6.250555 1.693441 0.848230 0.500000 0.000000 0.104720 0.000000 0.000000
6.267817 1.713124 0.853466 0.500000 0.000000 0.104720 0.000000 0.000000
6.284975 1.732897 0.858702 0.500000 0.000000 0.104720 0.000000 0.000000
6.302030 1.752760 0.863938 0.500000 0.000000 0.104720 0.000000 0.000000
6.318980 1.772712 0.869174 0.500000 0.000000 0.104720 0.000000 0.000000
6.335826 1.792752 0.874410 0.500000 0.000000 0.104720 0.000000 0.000000
6.352566 1.812880 0.879646 0.500000 0.000000 0.104720 0.000000 0.000000
6.369201 1.833096 0.884882 0.500000 0.000000 0.104720 0.000000 0.000000
6.385730 1.853398 0.890118 0.500000 0.000000 0.104720 0.000000 0.000000
6.402152 1.873787 0.895354 0.500000 0.000000 0.104720 0.000000 0.000000
6.418467 1.894261 0.900590 0.500000 0.000000 0.104720 0.000000 0.000000
6.434675 1.914821 0.905826 0.500000 0.000000 0.104720 0.000000 0.000000
6.450775 1.935465 0.911062 0.500000 0.000000 0.104720 0.000000 0.000000
6.466767 1.956193 0.916298 0.500000 0.000000 0.104720 0.000000 0.000000
6.482650 1.977004 0.921534 0.500000 0.000000 0.104720 0.000000 0.000000
6.498423 1.997899 0.926770 0.500000 0.000000 0.104720 0.000000 0.000000
6.514087 2.018876 0.932006 0.500000 0.000000 0.104720 0.000000 0.000000
6.529641 2.039934 0.937242 0.500000 0.000000 0.104720 0.000000 0.000000
6.545085 2.061074 0.942478 0.500000 0.000000 0.104720 0.000000 0.000000
6.560418 2.082294 0.947714 0.500000 0.000000 0.104720 0.000000 0.000000
6.575639 2.103594 0.952950 0.500000 0.000000 0.104720 0.000000 0.000000
6.590749 2.124974 0.958186 0.500000 0.000000 0.104720 0.000000 0.000000
6.605746 2.146432 0.963422 0.500000 0.000000 0.104720 0.000000 0.000000
6.620631 2.167969 0.968658 0.500000 0.000000 0.104720 0.000000 0.000000
6.635403 2.189583 0.973894 0.500000 0.000000 0.104720 0.000000 0.000000
6.650061 2.211274 0.979130 0.500000 0.000000 0.104720 0.000000 0.000000
6.664606 2.233042 0.984366 0.500000 0.000000 0.104720 0.000000 0.000000
6.679037 2.254886 0.989602 0.500000 0.000000 0.104720 0.000000 0.000000
6.693353 2.276805 0.994838 0.500000 0.000000 0.104720 0.000000 0.000000
6.707554 2.298798 1.000074 0.500000 0.000000 0.104720 0.000000 0.000000
6.721640 2.320866 1.005310 0.500000 0.000000 0.104720 0.000000 0.000000
6.735610 2.343007 1.010546 0.500000 0.000000 0.104720 0.000000 0.000000
6.749463 2.365221 1.015782 0.500000 0.000000 0.104720 0.000000 0.000000
6.763201 2.387507 1.021018 0.500000 0.000000 0.104720 0.000000 0.000000
6.776821 2.409865 1.026254 0.500000 0.000000 0.104720 0.000000 0.000000
6.790325 2.432294 1.031490 0.500000 0.000000 0.104720 0.000000 0.000000
6.803710 2.454793 1.036726 0.500000 0.000000 0.104720 0.000000 0.000000
6.816978 2.477362 1.041962 0.500000 0.000000 0.104720 0.000000 0.000000
6.830127 2.500000 1.047198 0.500000 0.000000 0.104720 0.000000 0.000000
6.843158 2.522707 1.052434 0.500000 0.000000 0.104720 0.000000 0.000000
6.856069 2.545481 1.057670 0.500000 0.000000 0.104720 0.000000 0.000000
6.868861 2.568323 1.062906 0.500000 0.000000 0.104720 0.000000 0.000000
6.881533 2.591232 1.068142 0.500000 0.000000 0.104720 0.000000 0.000000
6.894086 2.614206 1.073377 0.500000 0.000000 0.104720 0.000000 0.000000
6.906517 2.637246 1.078613 0.500000 0.000000 0.104720 0.000000 0.000000
6.918828 2.660351 1.083849 0.500000 0.000000 0.104720 0.000000 0.000000
6.931018 2.683520 1.089085 0.500000 0.000000 0.104720 0.000000 0.000000
6.943086 2.706752 1.094321 0.500000 0.000000 0.104720 0.000000 0.000000
6.955033 2.730048 1.099557 0.500000 0.000000 0.104720 0.000000 0.000000
6.966857 2.753405 1.104793 0.500000 0.000000 0.104720 0.000000 0.000000
6.978559 2.776824 1.110029 0.500000 0.000000 0.104720 0.000000 0.000000
6.990138 2.800304 1.115265 0.500000 0.000000 0.104720 0.000000 0.000000
7.001594 2.823845 1.120501 0.500000 0.000000 0.104720 0.000000 0.000000
7.012926 2.847445 1.125737 0.500000 0.000000 0.104720 0.000000 0.000000
7.024135 2.871104 1.130973 0.500000 0.000000 0.104720 0.000000 0.000000
7.035220 2.894821 1.136209 0.500000 0.000000 0.104720 0.000000 0.000000
7.046181 2.918596 1.141445 0.500000 0.000000 0.104720 0.000000 0.000000
7.057016 2.942428 1.146681 0.500000 0.000000 0.104720 0.000000 0.000000
7.067727 2.966317 1.151917 0.500000 0.000000 0.104720 0.000000 0.000000
7.078313 2.990261 1.157153 0.500000 0.000000 0.104720 0.000000 0.000000
7.088773 3.014261 1.162389 0.500000 0.000000 0.104720 0.000000 0.000000
7.099107 3.038314 1.167625 0.500000 0.000000 0.104720 0.000000 0.000000
7.109316 3.062422 1.172861 0.500000 0.000000 0.104720 0.000000 0.000000
7.119398 3.086583 1.178097 0.500000 0.000000 0.104720 0.000000 0.000000
7.129353 3.110796 1.183333 0.500000 0.000000 0.104720 0.000000 0.000000
7.139181 3.135061 1.188569 0.500000 0.000000 0.104720 0.000000 0.000000
7.148882 3.159377 1.193805 0.500000 0.000000 0.104720 0.000000 0.000000
7.158456 3.183744 1.199041 0.500000 0.000000 0.104720 0.000000 0.000000
7.167902 3.208160 1.204277 0.500000 0.000000 0.104720 0.000000 0.000000
7.177220 3.232626 1.209513 0.500000 0.000000 0.104720 0.000000 0.000000
7.186410 3.257140 1.214749 0.500000 0.000000 0.104720 0.000000 0.000000
7.195471 3.281702 1.219985 0.500000 0.000000 0.104720 0.000000 0.000000
7.204404 3.306310 1.225221 0.500000 0.000000 0.104720 0.000000 0.000000
7.213207 3.330966 1.230457 0.500000 0.000000 0.104720 0.000000 0.000000
7.221882 3.355667 1.235693 0.500000 0.000000 0.104720 0.000000 0.000000
7.230427 3.380413 1.240929 0.500000 0.000000 0.104720 0.000000 0.000000
7.238842 3.405203 1.246165 0.500000 0.000000 0.104720 0.000000 0.000000
7.247127 3.430038 1.251401 0.500000 0.000000 0.104720 0.000000 0.000000
7.255283 3.454915 1.256637 0.500000 0.000000 0.104720 0.000000 0.000000
7.263307 3.479835 1.261873 0.500000 0.000000 0.104720 0.000000 0.000000
7.271202 3.504796 1.267109 0.500000 0.000000 0.104720 0.000000 0.000000
7.278965 3.529798 1.272345 0.500000 0.000000 0.104720 0.000000 0.000000
7.286597 3.554841 1.277581 0.500000 0.000000 0.104720 0.000000 0.000000
7.294099 3.579923 1.282817 0.500000 0.000000 0.104720 0.000000 0.000000
7.301468 3.605044 1.288053 0.500000 0.000000 0.104720 0.000000 0.000000
7.308707 3.630204 1.293289 0.500000 0.000000 0.104720 0.000000 0.000000
7.315813 3.655401 1.298525 0.500000 0.000000 0.104720 0.000000 0.000000
7.322787 3.680635 1.303761 0.500000 0.000000 0.104720 0.000000 0.000000
7.329629 3.705905 1.308997 0.500000 0.000000 0.104720 0.000000 0.000000
7.336339 3.731210 1.314233 0.500000 0.000000 0.104720 0.000000 0.000000
7.342916 3.756551 1.319469 0.500000 0.000000 0.104720 0.000000 0.000000
7.349360 3.781925 1.324705 0.500000 0.000000 0.104720 0.000000 0.000000
7.355671 3.807333 1.329941 0.500000 0.000000 0.104720 0.000000 0.000000
7.361850 3.832773 1.335177 0.500000 0.000000 0.104720 0.000000 0.000000
7.367895 3.858246 1.340413 0.500000 0.000000 0.104720 0.000000 0.000000
7.373806 3.883749 1.345649 0.500000 0.000000 0.104720 0.000000 0.000000
7.379584 3.909284 1.350885 0.500000 0.000000 0.104720 0.000000 0.000000
7.385228 3.934848 1.356121 0.500000 0.000000 0.104720 0.000000 0.000000
7.390738 3.960442 1.361357 0.500000 0.000000 0.104720 0.000000 0.000000
7.396114 3.986064 1.366593 0.500000 0.000000 0.104720 0.000000 0.000000
7.401356 4.011713 1.371829 0.500000 0.000000 0.104720 0.000000 0.000000
7.406463 4.037390 1.377065 0.500000 0.000000 0.104720 0.000000 0.000000
7.411436 4.063093 1.382301 0.500000 0.000000 0.104720 0.000000 0.000000
7.416275 4.088822 1.387537 0.500000 0.000000 0.104720 0.000000 0.000000
7.420978 4.114576 1.392773 0.500000 0.000000 0.104720 0.000000 0.000000
7.425547 4.140354 1.398009 0.500000 0.000000 0.104720 0.000000 0.000000
7.429980 4.166156 1.403245 0.500000 0.000000 0.104720 0.000000 0.000000
7.434279 4.191981 1.408481 0.500000 0.000000 0.104720 0.000000 0.000000
7.438442 4.217828 1.413717 0.500000 0.000000 0.104720 0.000000 0.000000
7.442469 4.243696 1.418953 0.500000 0.000000 0.104720 0.000000 0.000000
7.446362 4.269585 1.424189 0.500000 0.000000 0.104720 0.000000 0.000000
7.450118 4.295494 1.429425 0.500000 0.000000 0.104720 0.000000 0.000000
7.453739 4.321422 1.434661 0.500000 0.000000 0.104720 0.000000 0.000000
7.457224 4.347369 1.439897 0.500000 0.000000 0.104720 0.000000 0.000000
7.460574 4.373334 1.445133 0.500000 0.000000 0.104720 0.000000 0.000000
7.463787 4.399316 1.450369 0.500000 0.000000 0.104720 0.000000 0.000000
7.466864 4.425314 1.455605 0.500000 0.000000 0.104720 0.000000 0.000000
7.469805 4.451328 1.460841 0.500000 0.000000 0.104720 0.000000 0.000000
7.472609 4.477358 1.466077 0.500000 0.000000 0.104720 0.000000 0.000000
7.475278 4.503401 1.471313 0.500000 0.000000 0.104720 0.000000 0.000000
7.477810 4.529458 1.476549 0.500000 0.000000 0.104720 0.000000 0.000000
7.480205 4.555529 1.481785 0.500000 0.000000 0.104720 0.000000 0.000000
7.482464 4.581611 1.487021 0.500000 0.000000 0.104720 0.000000 0.000000
7.484587 4.607705 1.492257 0.500000 0.000000 0.104720 0.000000 0.000000
7.486572 4.633809 1.497492 0.500000 0.000000 0.104720 0.000000 0.000000
7.488421 4.659924 1.502728 0.500000 0.000000 0.104720 0.000000 0.000000
7.490134 4.686047 1.507964 0.500000 0.000000 0.104720 0.000000 0.000000
7.491709 4.712180 1.513200 0.500000 0.000000 0.104720 0.000000 0.000000
7.493148 4.738320 1.518436 0.500000 0.000000 0.104720 0.000000 0.000000
7.494449 4.764468 1.523672 0.500000 0.000000 0.104720 0.000000 0.000000
7.495614 4.790622 1.528908 0.500000 0.000000 0.104720 0.000000 0.000000
7.496642 4.816781 1.534144 0.500000 0.000000 0.104720 0.000000 0.000000
7.497533 4.842946 1.539380 0.500000 0.000000 0.104720 0.000000 0.000000
7.498287 4.869115 1.544616 0.500000 0.000000 0.104720 0.000000 0.000000
7.498903 4.895288 1.549852 0.500000 0.000000 0.104720 0.000000 0.000000
7.499383 4.921463 1.555088 0.500000 0.000000 0.104720 0.000000 0.000000
7.499726 4.947641 1.560324 0.500000 0.000000 0.104720 0.000000 0.000000
7.499931 4.973820 1.565560 0.500000 0.000000 0.104720 0.000000 0.000000
7.500000 5.000000 1.570796 0.000000 0.500000 0.000000 0.000000 0.000000
7.500000 5.025000 1.570796 0.000000 0.500000 0.000000 0.000000 0.000000
7.500000 5.050000 1.570796 0.000000 0.500000 0.000000 0.000000 0.000000
7.500000 5.075000 1.570796 0.000000 0.500000 0.000000 0.000000 0.000000
7.500000 5.100000 1.570796 0.000000 0.500000 0.000000 0.000000 0.000000
7.500000 5.125000 1.570796 0.000000 0.500000 0.000000 0.000000 0.000000
7.500000 5.150000 1.570796 0.000000 0.500000 0.000000 0.000000 0.000000
7.500000 5.175000 1.570796 0.000000 0.500000 0.000000 0.000000 0.000000
7.500000 5.200000 1.570796 0.000000 0.500000 0.000000 0.000000 0.000000
7.500000 5.225000 1.570796 0.000000 0.500000 0.000000 0.000000 0.000000
7.500000 5.250000 1.570796 0.000000 0.500000 0.000000 0.000000 0.000000
7.500000 5.275000 1.570796 0.000000 0.500000 0.000000 0.000000 0.000000
7.500000 5.300000 1.570796 0.000000 0.500000 0.000000 0.000000 0.000000
7.500000 5.325000 1.570796 0.000000 0.500000 0.000000 0.000000 0.000000
7.500000 5.350000 1.570796 0.000000 0.500000 0.000000 0.000000 0.000000
7.500000 5.375000 1.570796 0.000000 0.500000 0.000000 0.000000 0.000000
7.500000 5.400000 1.570796 0.000000 0.500000 0.000000 0.000000 0.000000
7.500000 5.425000 1.570796 0.000000 0.500000 0.000000 0.000000 0.000000
7.500000 5.450000 1.570796 0.000000 0.500000 0.000000 0.000000 0.000000
7.500000 5.475000 1.570796 0.000000 0.500000 0.000000 0.000000 0.000000
7.500000 5.500000 1.570796 0.000000 0.500000 0.000000 0.000000 0.000000
7.500000 5.525000 1.570796 0.000000 0.500000 0.000000 0.000000 0.000000
7.500000 5.550000 1.570796 0.000000 0.500000 0.000000 0.000000 0.000000
7.500000 5.575000 1.570796 0.000000 0.500000 0.000000 0.000000 0.000000
7.500000 5.600000 1.570796 0.000000 0.500000 0.000000 0.000000 0.000000
7.500000 5.625000 1.570796 0.000000 0.500000 0.000000 0.000000 0.000000
7.500000 5.650000 1.570796 0.000000 0.500000 0.000000 0.000000 0.000000
7.500000 5.675000 1.570796 0.000000 0.500000 0.000000 0.000000 0.000000
7.500000 5.700000 1.570796 0.000000 0.500000 0.000000 0.000000 0.000000
7.500000 5.725000 1.570796 0.000000 0.500000 0.000000 0.000000 0.000000
7.500000 5.750000 1.570796 0.000000 0.500000 0.000000 0.000000 0.000000
7.500000 5.775000 1.570796 0.000000 0.500000 0.000000 0.000000 0.000000
7.500000 5.800000 1.570796 0.000000 0.500000 0.000000 0.000000 0.000000
7.500000 5.825000 1.570796 0.000000 0.500000 0.000000 0.000000 0.000000
7.500000 5.850000 1.570796 0.000000 0.500000 0.000000 0.000000 0.000000
7.500000 5.875000 1.570796 0.000000 0.500000 0.000000 0.000000 0.000000
7.500000 5.900000 1.570796 0.000000 0.500000 0.000000 0.000000 0.000000
7.500000 5.925000 1.570796 0.000000 0.500000 0.000000 0.000000 0.000000
7.500000 5.950000 1.570796 0.000000 0.500000 0.000000 0.000000 0.000000
7.500000 5.975000 1.570796 0.000000 0.500000 0.000000 0.000000 0.000000
7.500000 6.000000 1.570796 0.000000 0.500000 0.000000 0.000000 0.000000
7.500000 6.025000 1.570796 0.000000 0.500000 0.000000 0.000000 0.000000
7.500000 6.050000 1.570796 0.000000 0.500000 0.000000 0.000000 0.000000
7.500000 6.075000 1.570796 0.000000 0.500000 0.000000 0.000000 0.000000
7.500000 6.100000 1.570796 0.000000 0.500000 0.000000 0.000000 0.000000
7.500000 6.125000 1.570796 0.000000 0.500000 0.000000 0.000000 0.000000
7.500000 6.150000 1.570796 0.000000 0.500000 0.000000 0.000000 0.000000
7.500000 6.175000 1.570796 0.000000 0.500000 0.000000 0.000000 0.000000
7.500000 6.200000 1.570796 0.000000 0.500000 0.000000 0.000000 0.000000
7.500000 6.225000 1.570796 0.000000 0.500000 0.000000 0.000000 0.000000
7.500000 6.250000 1.570796 0.000000 0.500000 0.000000 0.000000 0.000000
7.500000 6.275000 1.570796 0.000000 0.500000 0.000000 0.000000 0.000000
7.500000 6.300000 1.570796 0.000000 0.500000 0.000000 0.000000 0.000000
7.500000 6.325000 1.570796 0.000000 0.500000 0.000000 0.000000 0.000000
7.500000 6.350000 1.570796 0.000000 0.500000 0.000000 0.000000 0.000000
7.500000 6.375000 1.570796 0.000000 0.500000 0.000000 0.000000 0.000000
7.500000 6.400000 1.570796 0.000000 0.500000 0.000000 0.000000 0.000000
7.500000 6.425000 1.570796 0.000000 0.500000 0.000000 0.000000 0.000000
7.500000 6.450000 1.570796 0.000000 0.500000 0.000000 0.000000 0.000000
7.500000 6.475000 1.570796 0.000000 0.500000 0.000000 0.000000 0.000000
7.500000 6.500000 1.570796 0.000000 0.500000 0.000000 0.000000 0.000000
7.500000 6.525000 1.570796 0.000000 0.500000 0.000000 0.000000 0.000000
7.500000 6.550000 1.570796 0.000000 0.500000 0.000000 0.000000 0.000000
7.500000 6.575000 1.570796 0.000000 0.500000 0.000000 0.000000 0.000000
7.500000 6.600000 1.570796 0.000000 0.500000 0.000000 0.000000 0.000000
7.500000 6.625000 1.570796 0.000000 0.500000 0.000000 0.000000 0.000000
7.500000 6.650000 1.570796 0.000000 0.500000 0.000000 0.000000 0.000000
7.500000 6.675000 1.570796 0.000000 0.500000 0.000000 0.000000 0.000000
7.500000 6.700000 1.570796 0.000000 0.500000 0.000000 0.000000 0.000000
7.500000 6.725000 1.570796 0.000000 0.500000 0.000000 0.000000 0.000000
7.500000 6.750000 1.570796 0.000000 0.500000 0.000000 0.000000 0.000000
7.500000 6.775000 1.570796 0.000000 0.500000 0.000000 0.000000 0.000000
7.500000 6.800000 1.570796 0.000000 0.500000 0.000000 0.000000 0.000000
7.500000 6.825000 1.570796 0.000000 0.500000 0.000000 0.000000 0.000000
7.500000 6.850000 1.570796 0.000000 0.500000 0.000000 0.000000 0.000000
7.500000 6.875000 1.570796 0.000000 0.500000 0.000000 0.000000 0.000000
7.500000 6.900000 1.570796 0.000000 0.500000 0.000000 0.000000 0.000000
7.500000 6.925000 1.570796 0.000000 0.500000 0.000000 0.000000 0.000000
7.500000 6.950000 1.570796 0.000000 0.500000 0.000000 0.000000 0.000000
7.500000 6.975000 1.570796 0.000000 0.500000 0.000000 0.000000 0.000000
7.500000 7.000000 1.570796 0.000000 0.500000 0.000000 0.000000 0.000000
7.500000 7.025000 1.570796 0.000000 0.500000 0.000000 0.000000 0.000000
7.500000 7.050000 1.570796 0.000000 0.500000 0.000000 0.000000 0.000000
7.500000 7.075000 1.570796 0.000000 0.500000 0.000000 0.000000 0.000000
7.500000 7.100000 1.570796 0.000000 0.500000 0.000000 0.000000 0.000000
7.500000 7.125000 1.570796 0.000000 0.500000 0.000000 0.000000 0.000000
7.500000 7.150000 1.570796 0.000000 0.500000 0.000000 0.000000 0.000000
7.500000 7.175000 1.570796 0.000000 0.500000 0.000000 0.000000 0.000000
7.500000 7.200000 1.570796 0.000000 0.500000 0.000000 0.000000 0.000000
7.500000 7.225000 1.570796 0.000000 0.500000 0.000000 0.000000 0.000000
7.500000 7.250000 1.570796 0.000000 0.500000 0.000000 0.000000 0.000000
7.500000 7.275000 1.570796 0.000000 0.500000 0.000000 0.000000 0.000000
7.500000 7.300000 1.570796 0.000000 0.500000 0.000000 0.000000 0.000000
7.500000 7.325000 1.570796 0.000000 0.500000 0.000000 0.000000 0.000000
7.500000 7.350000 1.570796 0.000000 0.500000 0.000000 0.000000 0.000000
7.500000 7.375000 1.570796 0.000000 0.500000 0.000000 0.000000 0.000000
7.500000 7.400000 1.570796 0.000000 0.500000 0.000000 0.000000 0.000000
7.500000 7.425000 1.570796 0.000000 0.500000 0.000000 0.000000 0.000000
7.500000 7.450000 1.570796 0.000000 0.500000 0.000000 0.000000 0.000000
7.500000 7.475000 1.570796 0.000000 0.500000 0.000000 0.000000 0.000000
7.500000 7.500000 1.570796 0.000000 0.500000 0.000000 0.000000 0.000000
7.500000 7.525000 1.570796 0.000000 0.500000 0.000000 0.000000 0.000000
7.500000 7.550000 1.570796 0.000000 0.500000 0.000000 0.000000 0.000000
7.500000 7.575000 1.570796 0.000000 0.500000 0.000000 0.000000 0.000000
7.500000 7.600000 1.570796 0.000000 0.500000 0.000000 0.000000 0.000000
7.500000 7.625000 1.570796 0.000000 0.500000 0.000000 0.000000 0.000000
7.500000 7.650000 1.570796 0.000000 0.500000 0.000000 0.000000 0.000000
7.500000 7.675000 1.570796 0.000000 0.500000 0.000000 0.000000 0.000000
7.500000 7.700000 1.570796 0.000000 0.500000 0.000000 0.000000 0.000000
7.500000 7.725000 1.570796 0.000000 0.500000 0.000000 0.000000 0.000000
7.500000 7.750000 1.570796 0.000000 0.500000 0.000000 0.000000 0.000000
7.500000 7.775000 1.570796 0.000000 0.500000 0.000000 0.000000 0.000000
7.500000 7.800000 1.570796 0.000000 0.500000 0.000000 0.000000 0.000000
7.500000 7.825000 1.570796 0.000000 0.500000 0.000000 0.000000 0.000000
7.500000 7.850000 1.570796 0.000000 0.500000 0.000000 0.000000 0.000000
7.500000 7.875000 1.570796 0.000000 0.500000 0.000000 0.000000 0.000000
7.500000 7.900000 1.570796 0.000000 0.500000 0.000000 0.000000 0.000000
7.500000 7.925000 1.570796 0.000000 0.500000 0.000000 0.000000 0.000000
7.500000 7.950000 1.570796 0.000000 0.500000 0.000000 0.000000 0.000000
7.500000 7.975000 1.570796 0.000000 0.500000 0.000000 0.000000 0.000000
7.500000 8.000000 1.570796 0.000000 0.500000 0.000000 0.000000 0.000000
7.500000 8.025000 1.570796 0.000000 0.500000 0.000000 0.000000 0.000000
7.500000 8.050000 1.570796 0.000000 0.500000 0.000000 0.000000 0.000000
7.500000 8.075000 1.570796 0.000000 0.500000 0.000000 0.000000 0.000000
7.500000 8.100000 1.570796 0.000000 0.500000 0.000000 0.000000 0.000000
7.500000 8.125000 1.570796 0.000000 0.500000 0.000000 0.000000 0.000000
7.500000 8.150000 1.570796 0.000000 0.500000 0.000000 0.000000 0.000000
7.500000 8.175000 1.570796 0.000000 0.500000 0.000000 0.000000 0.000000
7.500000 8.200000 1.570796 0.000000 0.500000 0.000000 0.000000 0.000000
7.500000 8.225000 1.570796 0.000000 0.500000 0.000000 0.000000 0.000000
7.500000 8.250000 1.570796 0.000000 0.500000 0.000000 0.000000 0.000000
7.500000 8.275000 1.570796 0.000000 0.500000 0.000000 0.000000 0.000000
7.500000 8.300000 1.570796 0.000000 0.500000 0.000000 0.000000 0.000000
7.500000 8.325000 1.570796 0.000000 0.500000 0.000000 0.000000 0.000000
7.500000 8.350000 1.570796 0.000000 0.500000 0.000000 0.000000 0.000000
7.500000 8.375000 1.570796 0.000000 0.500000 0.000000 0.000000 0.000000
7.500000 8.400000 1.570796 0.000000 0.500000 0.000000 0.000000 0.000000
7.500000 8.425000 1.570796 0.000000 0.500000 0.000000 0.000000 0.000000
7.500000 8.450000 1.570796 0.000000 0.500000 0.000000 0.000000 0.000000
7.500000 8.475000 1.570796 0.000000 0.500000 0.000000 0.000000 0.000000
7.500000 8.500000 1.570796 0.000000 0.500000 0.000000 0.000000 0.000000
7.500000 8.525000 1.570796 0.000000 0.500000 0.000000 0.000000 0.000000
7.500000 8.550000 1.570796 0.000000 0.500000 0.000000 0.000000 0.000000
7.500000 8.575000 1.570796 0.000000 0.500000 0.000000 0.000000 0.000000
7.500000 8.600000 1.570796 0.000000 0.500000 0.000000 0.000000 0.000000
7.500000 8.625000 1.570796 0.000000 0.500000 0.000000 0.000000 0.000000
7.500000 8.650000 1.570796 0.000000 0.500000 0.000000 0.000000 0.000000
7.500000 8.675000 1.570796 0.000000 0.500000 0.000000 0.000000 0.000000
7.500000 8.700000 1.570796 0.000000 0.500000 0.000000 0.000000 0.000000
7.500000 8.725000 1.570796 0.000000 0.500000 0.000000 0.000000 0.000000
7.500000 8.750000 1.570796 0.000000 0.500000 0.000000 0.000000 0.000000
7.500000 8.775000 1.570796 0.000000 0.500000 0.000000 0.000000 0.000000
7.500000 8.800000 1.570796 0.000000 0.500000 0.000000 0.000000 0.000000
7.500000 8.825000 1.570796 0.000000 0.500000 0.000000 0.000000 0.000000
7.500000 8.850000 1.570796 0.000000 0.500000 0.000000 0.000000 0.000000
7.500000 8.875000 1.570796 0.000000 0.500000 0.000000 0.000000 0.000000
7.500000 8.900000 1.570796 0.000000 0.500000 0.000000 0.000000 0.000000
7.500000 8.925000 1.570796 0.000000 0.500000 0.000000 0.000000 0.000000
7.500000 8.950000 1.570796 0.000000 0.500000 0.000000 0.000000 0.000000
7.500000 8.975000 1.570796 0.000000 0.500000 0.000000 0.000000 0.000000
7.500000 9.000000 1.570796 0.000000 0.500000 0.000000 0.000000 0.000000
7.500000 9.025000 1.570796 0.000000 0.500000 0.000000 0.000000 0.000000
7.500000 9.050000 1.570796 0.000000 0.500000 0.000000 0.000000 0.000000
7.500000 9.075000 1.570796 0.000000 0.500000 0.000000 0.000000 0.000000
7.500000 9.100000 1.570796 0.000000 0.500000 0.000000 0.000000 0.000000
7.500000 9.125000 1.570796 0.000000 0.500000 0.000000 0.000000 0.000000
7.500000 9.150000 1.570796 0.000000 0.500000 0.000000 0.000000 0.000000
7.500000 9.175000 1.570796 0.000000 0.500000 0.000000 0.000000 0.000000
7.500000 9.200000 1.570796 0.000000 0.500000 0.000000 0.000000 0.000000
7.500000 9.225000 1.570796 0.000000 0.500000 0.000000 0.000000 0.000000
7.500000 9.250000 1.570796 0.000000 0.500000 0.000000 0.000000 0.000000
7.500000 9.275000 1.570796 0.000000 0.500000 0.000000 0.000000 0.000000
7.500000 9.300000 1.570796 0.000000 0.500000 0.000000 0.000000 0.000000
7.500000 9.325000 1.570796 0.000000 0.500000 0.000000 0.000000 0.000000
7.500000 9.350000 1.570796 0.000000 0.500000 0.000000 0.000000 0.000000
7.500000 9.375000 1.570796 0.000000 0.500000 0.000000 0.000000 0.000000
7.500000 9.400000 1.570796 0.000000 0.500000 0.000000 0.000000 0.000000
7.500000 9.425000 1.570796 0.000000 0.500000 0.000000 0.000000 0.000000
7.500000 9.450000 1.570796 0.000000 0.500000 0.000000 0.000000 0.000000
7.500000 9.475000 1.570796 0.000000 0.500000 0.000000 0.000000 0.000000
7.500000 9.500000 1.570796 0.000000 0.500000 0.000000 0.000000 0.000000
7.500000 9.525000 1.570796 0.000000 0.500000 0.000000 0.000000 0.000000
7.500000 9.550000 1.570796 0.000000 0.500000 0.000000 0.000000 0.000000
7.500000 9.575000 1.570796 0.000000 0.500000 0.000000 0.000000 0.000000
7.500000 9.600000 1.570796 0.000000 0.500000 0.000000 0.000000 0.000000
7.500000 9.625000 1.570796 0.000000 0.500000 0.000000 0.000000 0.000000
7.500000 9.650000 1.570796 0.000000 0.500000 0.000000 0.000000 0.000000
7.500000 9.675000 1.570796 0.000000 0.500000 0.000000 0.000000 0.000000
7.500000 9.700000 1.570796 0.000000 0.500000 0.000000 0.000000 0.000000
7.500000 9.725000 1.570796 0.000000 0.500000 0.000000 0.000000 0.000000
7.500000 9.750000 1.570796 0.000000 0.500000 0.000000 0.000000 0.000000
7.500000 9.775000 1.570796 0.000000 0.500000 0.000000 0.000000 0.000000
7.500000 9.800000 1.570796 0.000000 0.500000 0.000000 0.000000 0.000000
7.500000 9.825000 1.570796 0.000000 0.500000 0.000000 0.000000 0.000000
7.500000 9.850000 1.570796 0.000000 0.500000 0.000000 0.000000 0.000000
7.500000 9.875000 1.570796 0.000000 0.500000 0.000000 0.000000 0.000000
7.500000 9.900000 1.570796 0.000000 0.500000 0.000000 0.000000 0.000000
7.500000 9.925000 1.570796 0.000000 0.500000 0.000000 0.000000 0.000000
7.500000 9.950000 1.570796 0.000000 0.500000 0.000000 0.000000 0.000000
7.500000 9.975000 1.570796 0.000000 0.500000 0.000000 0.000000 0.000000
7.500000 10.000000 1.570796 0.000000 0.500000 0.000000 0.000000 0.000000
7.500000 10.025000 1.570796 0.000000 0.500000 0.000000 0.000000 0.000000
7.500000 10.050000 1.570796 0.000000 0.500000 0.000000 0.000000 0.000000
7.500000 10.075000 1.570796 0.000000 0.500000 0.000000 0.000000 0.000000
7.500000 10.100000 1.570796 0.000000 0.500000 0.000000 0.000000 0.000000
7.500000 10.125000 1.570796 0.000000 0.500000 0.000000 0.000000 0.000000
7.500000 10.150000 1.570796 0.000000 0.500000 0.000000 0.000000 0.000000
7.500000 10.175000 1.570796 0.000000 0.500000 0.000000 0.000000 0.000000
7.500000 10.200000 1.570796 0.000000 0.500000 0.000000 0.000000 0.000000
7.500000 10.225000 1.570796 0.000000 0.500000 0.000000 0.000000 0.000000
7.500000 10.250000 1.570796 0.000000 0.500000 0.000000 0.000000 0.000000
7.500000 10.275000 1.570796 0.000000 0.500000 0.000000 0.000000 0.000000
7.500000 10.300000 1.570796 0.000000 0.500000 0.000000 0.000000 0.000000
7.500000 10.325000 1.570796 0.000000 0.500000 0.000000 0.000000 0.000000
7.500000 10.350000 1.570796 0.000000 0.500000 0.000000 0.000000 0.000000
7.500000 10.375000 1.570796 0.000000 0.500000 0.000000 0.000000 0.000000
7.500000 10.400000 1.570796 0.000000 0.500000 0.000000 0.000000 0.000000
7.500000 10.425000 1.570796 0.000000 0.500000 0.000000 0.000000 0.000000
7.500000 10.450000 1.570796 0.000000 0.500000 0.000000 0.000000 0.000000
7.500000 10.475000 1.570796 0.000000 0.500000 0.000000 0.000000 0.000000
7.500000 10.500000 1.570796 0.000000 0.500000 0.000000 0.000000 0.000000
7.500000 10.525000 1.570796 0.000000 0.500000 0.000000 0.000000 0.000000
7.500000 10.550000 1.570796 0.000000 0.500000 0.000000 0.000000 0.000000
7.500000 10.575000 1.570796 0.000000 0.500000 0.000000 0.000000 0.000000
7.500000 10.600000 1.570796 0.000000 0.500000 0.000000 0.000000 0.000000
7.500000 10.625000 1.570796 0.000000 0.500000 0.000000 0.000000 0.000000
7.500000 10.650000 1.570796 0.000000 0.500000 0.000000 0.000000 0.000000
7.500000 10.675000 1.570796 0.000000 0.500000 0.000000 0.000000 0.000000
7.500000 10.700000 1.570796 0.000000 0.500000 0.000000 0.000000 0.000000
7.500000 10.725000 1.570796 0.000000 0.500000 0.000000 0.000000 0.000000
7.500000 10.750000 1.570796 0.000000 0.500000 0.000000 0.000000 0.000000
7.500000 10.775000 1.570796 0.000000 0.500000 0.000000 0.000000 0.000000
7.500000 10.800000 1.570796 0.000000 0.500000 0.000000 0.000000 0.000000
7.500000 10.825000 1.570796 0.000000 0.500000 0.000000 0.000000 0.000000
7.500000 10.850000 1.570796 0.000000 0.500000 0.000000 0.000000 0.000000
7.500000 10.875000 1.570796 0.000000 0.500000 0.000000 0.000000 0.000000
7.500000 10.900000 1.570796 0.000000 0.500000 0.000000 0.000000 0.000000
7.500000 10.925000 1.570796 0.000000 0.500000 0.000000 0.000000 0.000000
7.500000 10.950000 1.570796 0.000000 0.500000 0.000000 0.000000 0.000000
7.500000 10.975000 1.570796 0.000000 0.500000 0.000000 0.000000 0.000000
7.500000 11.000000 1.570796 0.000000 0.500000 0.000000 0.000000 0.000000
7.500000 11.025000 1.570796 0.000000 0.500000 0.000000 0.000000 0.000000
7.500000 11.050000 1.570796 0.000000 0.500000 0.000000 0.000000 0.000000
7.500000 11.075000 1.570796 0.000000 0.500000 0.000000 0.000000 0.000000
7.500000 11.100000 1.570796 0.000000 0.500000 0.000000 0.000000 0.000000
7.500000 11.125000 1.570796 0.000000 0.500000 0.000000 0.000000 0.000000
7.500000 11.150000 1.570796 0.000000 0.500000 0.000000 0.000000 0.000000
7.500000 11.175000 1.570796 0.000000 0.500000 0.000000 0.000000 0.000000
7.500000 11.200000 1.570796 0.000000 0.500000 0.000000 0.000000 0.000000
7.500000 11.225000 1.570796 0.000000 0.500000 0.000000 0.000000 0.000000
7.500000 11.250000 1.570796 0.000000 0.500000 0.000000 0.000000 0.000000
7.500000 11.275000 1.570796 0.000000 0.500000 0.000000 0.000000 0.000000
7.500000 11.300000 1.570796 0.000000 0.500000 0.000000 0.000000 0.000000
7.500000 11.325000 1.570796 0.000000 0.500000 0.000000 0.000000 0.000000
7.500000 11.350000 1.570796 0.000000 0.500000 0.000000 0.000000 0.000000
7.500000 11.375000 1.570796 0.000000 0.500000 0.000000 0.000000 0.000000
7.500000 11.400000 1.570796 0.000000 0.500000 0.000000 0.000000 0.000000
7.500000 11.425000 1.570796 0.000000 0.500000 0.000000 0.000000 0.000000
7.500000 11.450000 1.570796 0.000000 0.500000 0.000000 0.000000 0.000000
7.500000 11.475000 1.570796 0.000000 0.500000 0.000000 0.000000 0.000000
7.500000 11.500000 1.570796 0.000000 0.500000 0.000000 0.000000 0.000000
7.500000 11.525000 1.570796 0.000000 0.500000 0.000000 0.000000 0.000000
7.500000 11.550000 1.570796 0.000000 0.500000 0.000000 0.000000 0.000000
7.500000 11.575000 1.570796 0.000000 0.500000 0.000000 0.000000 0.000000
7.500000 11.600000 1.570796 0.000000 0.500000 0.000000 0.000000 0.000000
7.500000 11.625000 1.570796 0.000000 0.500000 0.000000 0.000000 0.000000
7.500000 11.650000 1.570796 0.000000 0.500000 0.000000 0.000000 0.000000
7.500000 11.675000 1.570796 0.000000 0.500000 0.000000 0.000000 0.000000
7.500000 11.700000 1.570796 0.000000 0.500000 0.000000 0.000000 0.000000
7.500000 11.725000 1.570796 0.000000 0.500000 0.000000 0.000000 0.000000
7.500000 11.750000 1.570796 0.000000 0.500000 0.000000 0.000000 0.000000
7.500000 11.775000 1.570796 0.000000 0.500000 0.000000 0.000000 0.000000
7.500000 11.800000 1.570796 0.000000 0.500000 0.000000 0.000000 0.000000
7.500000 11.825000 1.570796 0.000000 0.500000 0.000000 0.000000 0.000000
7.500000 11.850000 1.570796 0.000000 0.500000 0.000000 0.000000 0.000000
7.500000 11.875000 1.570796 0.000000 0.500000 0.000000 0.000000 0.000000
7.500000 11.900000 1.570796 0.000000 0.500000 0.000000 0.000000 0.000000
7.500000 11.925000 1.570796 0.000000 0.500000 0.000000 0.000000 0.000000
7.500000 11.950000 1.570796 0.000000 0.500000 0.000000 0.000000 0.000000
7.500000 11.975000 1.570796 0.000000 0.500000 0.000000 0.000000 0.000000
7.500000 12.000000 1.570796 0.000000 0.500000 0.000000 0.000000 0.000000
7.500000 12.025000 1.570796 0.000000 0.500000 0.000000 0.000000 0.000000
7.500000 12.050000 1.570796 0.000000 0.500000 0.000000 0.000000 0.000000
7.500000 12.075000 1.570796 0.000000 0.500000 0.000000 0.000000 0.000000
7.500000 12.100000 1.570796 0.000000 0.500000 0.000000 0.000000 0.000000
7.500000 12.125000 1.570796 0.000000 0.500000 0.000000 0.000000 0.000000
7.500000 12.150000 1.570796 0.000000 0.500000 0.000000 0.000000 0.000000
7.500000 12.175000 1.570796 0.000000 0.500000 0.000000 0.000000 0.000000
7.500000 12.200000 1.570796 0.000000 0.500000 0.000000 0.000000 0.000000
7.500000 12.225000 1.570796 0.000000 0.500000 0.000000 0.000000 0.000000
7.500000 12.250000 1.570796 0.000000 0.500000 0.000000 0.000000 0.000000
7.500000 12.275000 1.570796 0.000000 0.500000 0.000000 0.000000 0.000000
7.500000 12.300000 1.570796 0.000000 0.500000 0.000000 0.000000 0.000000
7.500000 12.325000 1.570796 0.000000 0.500000 0.000000 0.000000 0.000000
7.500000 12.350000 1.570796 0.000000 0.500000 0.000000 0.000000 0.000000
7.500000 12.375000 1.570796 0.000000 0.500000 0.000000 0.000000 0.000000
7.500000 12.400000 1.570796 0.000000 0.500000 0.000000 0.000000 0.000000
7.500000 12.425000 1.570796 0.000000 0.500000 0.000000 0.000000 0.000000
7.500000 12.450000 1.570796 0.000000 0.500000 0.000000 0.000000 0.000000
7.500000 12.475000 1.570796 0.000000 0.500000 0.000000 0.000000 0.000000
7.500000 12.500000 1.570796 0.000000 0.500000 0.000000 0.000000 0.000000
7.500000 12.525000 1.570796 0.000000 0.500000 0.000000 0.000000 0.000000
7.500000 12.550000 1.570796 0.000000 0.500000 0.000000 0.000000 0.000000
7.500000 12.575000 1.570796 0.000000 0.500000 0.000000 0.000000 0.000000
7.500000 12.600000 1.570796 0.000000 0.500000 0.000000 0.000000 0.000000
7.500000 12.625000 1.570796 0.000000 0.500000 0.000000 0.000000 0.000000
7.500000 12.650000 1.570796 0.000000 0.500000 0.000000 0.000000 0.000000
7.500000 12.675000 1.570796 0.000000 0.500000 0.000000 0.000000 0.000000
7.500000 12.700000 1.570796 0.000000 0.500000 0.000000 0.000000 0.000000
7.500000 12.725000 1.570796 0.000000 0.500000 0.000000 0.000000 0.000000
7.500000 12.750000 1.570796 0.000000 0.500000 0.000000 0.000000 0.000000
7.500000 12.775000 1.570796 0.000000 0.500000 0.000000 0.000000 0.000000
7.500000 12.800000 1.570796 0.000000 0.500000 0.000000 0.000000 0.000000
7.500000 12.825000 1.570796 0.000000 0.500000 0.000000 0.000000 0.000000
7.500000 12.850000 1.570796 0.000000 0.500000 0.000000 0.000000 0.000000
7.500000 12.875000 1.570796 0.000000 0.500000 0.000000 0.000000 0.000000
7.500000 12.900000 1.570796 0.000000 0.500000 0.000000 0.000000 0.000000
7.500000 12.925000 1.570796 0.000000 0.500000 0.000000 0.000000 0.000000
7.500000 12.950000 1.570796 0.000000 0.500000 0.000000 0.000000 0.000000
7.500000 12.975000 1.570796 0.000000 0.500000 0.000000 0.000000 0.000000
7.500000 13.000000 1.570796 0.000000 0.500000 0.000000 0.000000 0.000000
7.500000 13.025000 1.570796 0.000000 0.500000 0.000000 0.000000 0.000000
7.500000 13.050000 1.570796 0.000000 0.500000 0.000000 0.000000 0.000000
7.500000 13.075000 1.570796 0.000000 0.500000 0.000000 0.000000 0.000000
7.500000 13.100000 1.570796 0.000000 0.500000 0.000000 0.000000 0.000000
7.500000 13.125000 1.570796 0.000000 0.500000 0.000000 0.000000 0.000000
7.500000 13.150000 1.570796 0.000000 0.500000 0.000000 0.000000 0.000000
7.500000 13.175000 1.570796 0.000000 0.500000 0.000000 0.000000 0.000000
7.500000 13.200000 1.570796 0.000000 0.500000 0.000000 0.000000 0.000000
7.500000 13.225000 1.570796 0.000000 0.500000 0.000000 0.000000 0.000000
7.500000 13.250000 1.570796 0.000000 0.500000 0.000000 0.000000 0.000000
7.500000 13.275000 1.570796 0.000000 0.500000 0.000000 0.000000 0.000000
7.500000 13.300000 1.570796 0.000000 0.500000 0.000000 0.000000 0.000000
7.500000 13.325000 1.570796 0.000000 0.500000 0.000000 0.000000 0.000000
7.500000 13.350000 1.570796 0.000000 0.500000 0.000000 0.000000 0.000000
7.500000 13.375000 1.570796 0.000000 0.500000 0.000000 0.000000 0.000000
7.500000 13.400000 1.570796 0.000000 0.500000 0.000000 0.000000 0.000000
7.500000 13.425000 1.570796 0.000000 0.500000 0.000000 0.000000 0.000000
7.500000 13.450000 1.570796 0.000000 0.500000 0.000000 0.000000 0.000000
7.500000 13.475000 1.570796 0.000000 0.500000 0.000000 0.000000 0.000000
7.500000 13.500000 1.570796 0.000000 0.500000 0.000000 0.000000 0.000000
7.500000 13.525000 1.570796 0.000000 0.500000 0.000000 0.000000 0.000000
7.500000 13.550000 1.570796 0.000000 0.500000 0.000000 0.000000 0.000000
7.500000 13.575000 1.570796 0.000000 0.500000 0.000000 0.000000 0.000000
7.500000 13.600000 1.570796 0.000000 0.500000 0.000000 0.000000 0.000000
7.500000 13.625000 1.570796 0.000000 0.500000 0.000000 0.000000 0.000000
7.500000 13.650000 1.570796 0.000000 0.500000 0.000000 0.000000 0.000000
7.500000 13.675000 1.570796 0.000000 0.500000 0.000000 0.000000 0.000000
7.500000 13.700000 1.570796 0.000000 0.500000 0.000000 0.000000 0.000000
7.500000 13.725000 1.570796 0.000000 0.500000 0.000000 0.000000 0.000000
7.500000 13.750000 1.570796 0.000000 0.500000 0.000000 0.000000 0.000000
7.500000 13.775000 1.570796 0.000000 0.500000 0.000000 0.000000 0.000000
7.500000 13.800000 1.570796 0.000000 0.500000 0.000000 0.000000 0.000000
7.500000 13.825000 1.570796 0.000000 0.500000 0.000000 0.000000 0.000000
7.500000 13.850000 1.570796 0.000000 0.500000 0.000000 0.000000 0.000000
7.500000 13.875000 1.570796 0.000000 0.500000 0.000000 0.000000 0.000000
7.500000 13.900000 1.570796 0.000000 0.500000 0.000000 0.000000 0.000000
7.500000 13.925000 1.570796 0.000000 0.500000 0.000000 0.000000 0.000000
7.500000 13.950000 1.570796 0.000000 0.500000 0.000000 0.000000 0.000000
7.500000 13.975000 1.570796 0.000000 0.500000 0.000000 0.000000 0.000000
7.500000 14.000000 1.570796 0.000000 0.500000 0.000000 0.000000 0.000000
7.500000 14.025000 1.570796 0.000000 0.500000 0.000000 0.000000 0.000000
7.500000 14.050000 1.570796 0.000000 0.500000 0.000000 0.000000 0.000000
7.500000 14.075000 1.570796 0.000000 0.500000 0.000000 0.000000 0.000000
7.500000 14.100000 1.570796 0.000000 0.500000 0.000000 0.000000 0.000000
7.500000 14.125000 1.570796 0.000000 0.500000 0.000000 0.000000 0.000000
7.500000 14.150000 1.570796 0.000000 0.500000 0.000000 0.000000 0.000000
7.500000 14.175000 1.570796 0.000000 0.500000 0.000000 0.000000 0.000000
7.500000 14.200000 1.570796 0.000000 0.500000 0.000000 0.000000 0.000000
7.500000 14.225000 1.570796 0.000000 0.500000 0.000000 0.000000 0.000000
7.500000 14.250000 1.570796 0.000000 0.500000 0.000000 0.000000 0.000000
7.500000 14.275000 1.570796 0.000000 0.500000 0.000000 0.000000 0.000000
7.500000 14.300000 1.570796 0.000000 0.500000 0.000000 0.000000 0.000000
7.500000 14.325000 1.570796 0.000000 0.500000 0.000000 0.000000 0.000000
7.500000 14.350000 1.570796 0.000000 0.500000 0.000000 0.000000 0.000000
7.500000 14.375000 1.570796 0.000000 0.500000 0.000000 0.000000 0.000000
7.500000 14.400000 1.570796 0.000000 0.500000 0.000000 0.000000 0.000000
7.500000 14.425000 1.570796 0.000000 0.500000 0.000000 0.000000 0.000000
7.500000 14.450000 1.570796 0.000000 0.500000 0.000000 0.000000 0.000000
7.500000 14.475000 1.570796 0.000000 0.500000 0.000000 0.000000 0.000000
7.500000 14.500000 1.570796 0.000000 0.500000 0.000000 0.000000 0.000000
7.500000 14.525000 1.570796 0.000000 0.500000 0.000000 0.000000 0.000000
7.500000 14.550000 1.570796 0.000000 0.500000 0.000000 0.000000 0.000000
7.500000 14.575000 1.570796 0.000000 0.500000 0.000000 0.000000 0.000000
7.500000 14.600000 1.570796 0.000000 0.500000 0.000000 0.000000 0.000000
7.500000 14.625000 1.570796 0.000000 0.500000 0.000000 0.000000 0.000000
7.500000 14.650000 1.570796 0.000000 0.500000 0.000000 0.000000 0.000000
7.500000 14.675000 1.570796 0.000000 0.500000 0.000000 0.000000 0.000000
7.500000 14.700000 1.570796 0.000000 0.500000 0.000000 0.000000 0.000000
7.500000 14.725000 1.570796 0.000000 0.500000 0.000000 0.000000 0.000000
7.500000 14.750000 1.570796 0.000000 0.500000 0.000000 0.000000 0.000000
7.500000 14.775000 1.570796 0.000000 0.500000 0.000000 0.000000 0.000000
7.500000 14.800000 1.570796 0.000000 0.500000 0.000000 0.000000 0.000000
7.500000 14.825000 1.570796 0.000000 0.500000 0.000000 0.000000 0.000000
7.500000 14.850000 1.570796 0.000000 0.500000 0.000000 0.000000 0.000000
7.500000 14.875000 1.570796 0.000000 0.500000 0.000000 0.000000 0.000000
7.500000 14.900000 1.570796 0.000000 0.500000 0.000000 0.000000 0.000000
7.500000 14.925000 1.570796 0.000000 0.500000 0.000000 0.000000 0.000000
7.500000 14.950000 1.570796 0.000000 0.500000 0.000000 0.000000 0.000000
7.500000 14.975000 1.570796 0.000000 0.500000 0.000000 0.000000 0.000000
7.500000 15.000000 1.570796 0.000000 0.500000 0.000000 0.000000 0.000000
