0.000000 0.000000 0.000000 0.000000 0.000000 0.000000 0.000000 0.000000
0.000000 0.000000 0.000000 0.000000 0.000000 0.000000 0.000000 0.000000
0.000000 0.000000 0.000000 0.000000 0.000000 0.000000 0.000000 0.000000
0.000000 0.000000 0.000000 0.000000 0.000000 0.000000 0.000000 0.000000
0.000000 0.000000 0.000000 0.000000 0.000000 0.000000 0.000000 0.000000
0.000000 0.000000 0.000000 0.000000 0.000000 0.000000 0.000000 0.000000
0.000000 0.000000 0.000000 0.000000 0.000000 0.000000 0.000000 0.000000
0.000000 0.000000 0.000000 0.000000 0.000000 0.000000 0.000000 0.000000
0.000000 0.000000 0.000000 0.000000 0.000000 0.000000 0.000000 0.000000
0.000000 0.000000 0.000000 0.000000 0.000000 0.000000 0.000000 0.000000
0.000000 0.000000 0.000000 0.000000 0.000000 0.000000 0.000000 0.000000
0.000000 0.000000 0.000000 0.000000 0.000000 0.000000 0.000000 0.000000
0.000000 0.000000 0.000000 0.000000 0.000000 0.000000 0.000000 0.000000
0.000000 0.000000 0.000000 0.000000 0.000000 0.000000 0.000000 0.000000
0.000000 0.000000 0.000000 0.000000 0.000000 0.000000 0.000000 0.000000
0.000000 0.000000 0.000000 0.000000 0.000000 0.000000 0.000000 0.000000
0.000000 0.000000 0.000000 0.000000 0.000000 0.000000 0.000000 0.000000
0.000000 0.000000 0.000000 0.000000 0.000000 0.000000 0.000000 0.000000
0.000000 0.000000 0.000000 0.000000 0.000000 0.000000 0.000000 0.000000
0.000000 0.000000 0.000000 0.000000 0.000000 0.000000 0.000000 0.000000
0.000000 0.000000 0.000000 0.000000 0.000000 0.000000 0.000000 0.000000
0.000000 0.000000 0.000000 0.000000 0.000000 0.000000 0.000000 0.000000
0.000000 0.000000 0.000000 0.000000 0.000000 0.000000 0.000000 0.000000
0.000000 0.000000 0.000000 0.000000 0.000000 0.000000 0.000000 0.000000
0.000000 0.000000 0.000000 0.000000 0.000000 0.000000 0.000000 0.000000
0.000000 0.000000 0.000000 0.000000 0.000000 0.000000 0.000000 0.000000
0.000000 0.000000 0.000000 0.000000 0.000000 0.000000 0.000000 0.000000
0.000000 0.000000 0.000000 0.000000 0.000000 0.000000 0.000000 0.000000
0.000000 0.000000 0.000000 0.000000 0.000000 0.000000 0.000000 0.000000
0.000000 0.000000 0.000000 0.000000 0.000000 0.000000 0.000000 0.000000
0.000000 0.000000 0.000000 0.000000 0.000000 0.000000 0.000000 0.000000
0.000000 0.000000 0.000000 0.000000 0.000000 0.000000 0.000000 0.000000
0.000000 0.000000 0.000000 0.000000 0.000000 0.000000 0.000000 0.000000
0.000000 0.000000 0.000000 0.000000 0.000000 0.000000 0.000000 0.000000
0.000000 0.000000 0.000000 0.000000 0.000000 0.000000 0.000000 0.000000
0.000000 0.000000 0.000000 0.000000 0.000000 0.000000 0.000000 0.000000
0.000000 0.000000 0.000000 0.000000 0.000000 0.000000 0.000000 0.000000
0.000000 0.000000 0.000000 0.000000 0.000000 0.000000 0.000000 0.000000
0.000000 0.000000 0.000000 0.000000 0.000000 0.000000 0.000000 0.000000
0.000000 0.000000 0.000000 0.000000 0.000000 0.000000 0.000000 0.000000
0.000000 0.000000 0.000000 0.000000 0.000000 0.000000 0.000000 0.000000
0.000000 0.000000 0.007854 0.000000 0.000000 0.000000 0.000000 0.000000
0.000000 0.000000 0.015708 0.000000 0.000000 0.000000 0.000000 0.000000
0.000000 0.000000 0.023562 0.000000 0.000000 0.000000 0.000000 0.000000
0.000000 0.000000 0.031416 0.000000 0.000000 0.000000 0.000000 0.000000
0.000000 0.000000 0.039270 0.000000 0.000000 0.000000 0.000000 0.000000
0.000000 0.000000 0.047124 0.000000 0.000000 0.000000 0.000000 0.000000
0.000000 0.000000 0.054978 0.000000 0.000000 0.000000 0.000000 0.000000
0.000000 0.000000 0.062832 0.000000 0.000000 0.000000 0.000000 0.000000
0.000000 0.000000 0.070686 0.000000 0.000000 0.000000 0.000000 0.000000
0.000000 0.000000 0.078540 0.000000 0.000000 0.000000 0.000000 0.000000
0.000000 0.000000 0.086394 0.000000 0.000000 0.000000 0.000000 0.000000
0.000000 0.000000 0.094248 0.000000 0.000000 0.000000 0.000000 0.000000
0.000000 0.000000 0.102102 0.000000 0.000000 0.000000 0.000000 0.000000
0.000000 0.000000 0.109956 0.000000 0.000000 0.000000 0.000000 0.000000
0.000000 0.000000 0.117810 0.000000 0.000000 0.000000 0.000000 0.000000
0.000000 0.000000 0.125664 0.000000 0.000000 0.000000 0.000000 0.000000
0.000000 0.000000 0.133518 0.000000 0.000000 0.000000 0.000000 0.000000
0.000000 0.000000 0.141372 0.000000 0.000000 0.000000 0.000000 0.000000
0.000000 0.000000 0.149226 0.000000 0.000000 0.000000 0.000000 0.000000
0.000000 0.000000 0.157080 0.000000 0.000000 0.000000 0.000000 0.000000
0.000000 0.000000 0.164934 0.000000 0.000000 0.000000 0.000000 0.000000
0.000000 0.000000 0.172788 0.000000 0.000000 0.000000 0.000000 0.000000
0.000000 0.000000 0.180642 0.000000 0.000000 0.000000 0.000000 0.000000
0.000000 0.000000 0.188496 0.000000 0.000000 0.000000 0.000000 0.000000
0.000000 0.000000 0.196350 0.000000 0.000000 0.000000 0.000000 0.000000
0.000000 0.000000 0.204204 0.000000 0.000000 0.000000 0.000000 0.000000
0.000000 0.000000 0.212058 0.000000 0.000000 0.000000 0.000000 0.000000
0.000000 0.000000 0.219911 0.000000 0.000000 0.000000 0.000000 0.000000
0.000000 0.000000 0.227765 0.000000 0.000000 0.000000 0.000000 0.000000
0.000000 0.000000 0.235619 0.000000 0.000000 0.000000 0.000000 0.000000
0.000000 0.000000 0.243473 0.000000 0.000000 0.000000 0.000000 0.000000
0.000000 0.000000 0.251327 0.000000 0.000000 0.000000 0.000000 0.000000
0.000000 0.000000 0.259181 0.000000 0.000000 0.000000 0.000000 0.000000
0.000000 0.000000 0.267035 0.000000 0.000000 0.000000 0.000000 0.000000
0.000000 0.000000 0.274889 0.000000 0.000000 0.000000 0.000000 0.000000
0.000000 0.000000 0.282743 0.000000 0.000000 0.000000 0.000000 0.000000
0.000000 0.000000 0.290597 0.000000 0.000000 0.000000 0.000000 0.000000
0.000000 0.000000 0.298451 0.000000 0.000000 0.000000 0.000000 0.000000
0.000000 0.000000 0.306305 0.000000 0.000000 0.000000 0.000000 0.000000
0.000000 0.000000 0.314159 0.000000 0.000000 0.000000 0.000000 0.000000
0.000000 0.000000 0.322013 0.000000 0.000000 0.000000 0.000000 0.000000
0.000000 0.000000 0.329867 0.000000 0.000000 0.000000 0.000000 0.000000
0.000000 0.000000 0.337721 0.000000 0.000000 0.000000 0.000000 0.000000
0.000000 0.000000 0.345575 0.000000 0.000000 0.000000 0.000000 0.000000
0.000000 0.000000 0.353429 0.000000 0.000000 0.000000 0.000000 0.000000
0.000000 0.000000 0.361283 0.000000 0.000000 0.000000 0.000000 0.000000
0.000000 0.000000 0.369137 0.000000 0.000000 0.000000 0.000000 0.000000
0.000000 0.000000 0.376991 0.000000 0.000000 0.000000 0.000000 0.000000
0.000000 0.000000 0.384845 0.000000 0.000000 0.000000 0.000000 0.000000
0.000000 0.000000 0.392699 0.000000 0.000000 0.000000 0.000000 0.000000
0.000000 0.000000 0.400553 0.000000 0.000000 0.000000 0.000000 0.000000
0.000000 0.000000 0.408407 0.000000 0.000000 0.000000 0.000000 0.000000
0.000000 0.000000 0.416261 0.000000 0.000000 0.000000 0.000000 0.000000
0.000000 0.000000 0.424115 0.000000 0.000000 0.000000 0.000000 0.000000
0.000000 0.000000 0.431969 0.000000 0.000000 0.000000 0.000000 0.000000
0.000000 0.000000 0.439823 0.000000 0.000000 0.000000 0.000000 0.000000
0.000000 0.000000 0.447677 0.000000 0.000000 0.000000 0.000000 0.000000
0.000000 0.000000 0.455531 0.000000 0.000000 0.000000 0.000000 0.000000
0.000000 0.000000 0.463385 0.000000 0.000000 0.000000 0.000000 0.000000
0.000000 0.000000 0.471239 0.000000 0.000000 0.000000 0.000000 0.000000
0.000000 0.000000 0.479093 0.000000 0.000000 0.000000 0.000000 0.000000
0.000000 0.000000 0.486947 0.000000 0.000000 0.000000 0.000000 0.000000
0.000000 0.000000 0.494801 0.000000 0.000000 0.000000 0.000000 0.000000
0.000000 0.000000 0.502655 0.000000 0.000000 0.000000 0.000000 0.000000
0.000000 0.000000 0.510509 0.000000 0.000000 0.000000 0.000000 0.000000
0.000000 0.000000 0.518363 0.000000 0.000000 0.000000 0.000000 0.000000
0.000000 0.000000 0.526217 0.000000 0.000000 0.000000 0.000000 0.000000
0.000000 0.000000 0.534071 0.000000 0.000000 0.000000 0.000000 0.000000
0.000000 0.000000 0.541925 0.000000 0.000000 0.000000 0.000000 0.000000
0.000000 0.000000 0.549779 0.000000 0.000000 0.000000 0.000000 0.000000
0.000000 0.000000 0.557633 0.000000 0.000000 0.000000 0.000000 0.000000
0.000000 0.000000 0.565487 0.000000 0.000000 0.000000 0.000000 0.000000
0.000000 0.000000 0.573341 0.000000 0.000000 0.000000 0.000000 0.000000
0.000000 0.000000 0.581195 0.000000 0.000000 0.000000 0.000000 0.000000
0.000000 0.000000 0.589049 0.000000 0.000000 0.000000 0.000000 0.000000
0.000000 0.000000 0.596903 0.000000 0.000000 0.000000 0.000000 0.000000
0.000000 0.000000 0.604757 0.000000 0.000000 0.000000 0.000000 0.000000
0.000000 0.000000 0.612611 0.000000 0.000000 0.000000 0.000000 0.000000
0.000000 0.000000 0.620465 0.000000 0.000000 0.000000 0.000000 0.000000
0.000000 0.000000 0.628319 0.000000 0.000000 0.000000 0.000000 0.000000
0.000000 0.000000 0.636173 0.000000 0.000000 0.000000 0.000000 0.000000
0.000000 0.000000 0.644026 0.000000 0.000000 0.000000 0.000000 0.000000
0.000000 0.000000 0.651880 0.000000 0.000000 0.000000 0.000000 0.000000
0.000000 0.000000 0.659734 0.000000 0.000000 0.000000 0.000000 0.000000
0.000000 0.000000 0.667588 0.000000 0.000000 0.000000 0.000000 0.000000
0.000000 0.000000 0.675442 0.000000 0.000000 0.000000 0.000000 0.000000
0.000000 0.000000 0.683296 0.000000 0.000000 0.000000 0.000000 0.000000
0.000000 0.000000 0.691150 0.000000 0.000000 0.000000 0.000000 0.000000
0.000000 0.000000 0.699004 0.000000 0.000000 0.000000 0.000000 0.000000
0.000000 0.000000 0.706858 0.000000 0.000000 0.000000 0.000000 0.000000
0.000000 0.000000 0.714712 0.000000 0.000000 0.000000 0.000000 0.000000
0.000000 0.000000 0.722566 0.000000 0.000000 0.000000 0.000000 0.000000
0.000000 0.000000 0.730420 0.000000 0.000000 0.000000 0.000000 0.000000
0.000000 0.000000 0.738274 0.000000 0.000000 0.000000 0.000000 0.000000
0.000000 0.000000 0.746128 0.000000 0.000000 0.000000 0.000000 0.000000
0.000000 0.000000 0.753982 0.000000 0.000000 0.000000 0.000000 0.000000
0.000000 0.000000 0.761836 0.000000 0.000000 0.000000 0.000000 0.000000
0.000000 0.000000 0.769690 0.000000 0.000000 0.000000 0.000000 0.000000
0.000000 0.000000 0.777544 0.000000 0.000000 0.000000 0.000000 0.000000
0.000000 0.000000 0.785398 0.000000 0.000000 0.000000 0.000000 0.000000
0.000000 0.000000 0.793252 0.000000 0.000000 0.000000 0.000000 0.000000
0.000000 0.000000 0.801106 0.000000 0.000000 0.000000 0.000000 0.000000
0.000000 0.000000 0.808960 0.000000 0.000000 0.000000 0.000000 0.000000
0.000000 0.000000 0.816814 0.000000 0.000000 0.000000 0.000000 0.000000
0.000000 0.000000 0.824668 0.000000 0.000000 0.000000 0.000000 0.000000
0.000000 0.000000 0.832522 0.000000 0.000000 0.000000 0.000000 0.000000
0.000000 0.000000 0.840376 0.000000 0.000000 0.000000 0.000000 0.000000
0.000000 0.000000 0.848230 0.000000 0.000000 0.000000 0.000000 0.000000
0.000000 0.000000 0.856084 0.000000 0.000000 0.000000 0.000000 0.000000
0.000000 0.000000 0.863938 0.000000 0.000000 0.000000 0.000000 0.000000
0.000000 0.000000 0.871792 0.000000 0.000000 0.000000 0.000000 0.000000
0.000000 0.000000 0.879646 0.000000 0.000000 0.000000 0.000000 0.000000
0.000000 0.000000 0.887500 0.000000 0.000000 0.000000 0.000000 0.000000
0.000000 0.000000 0.895354 0.000000 0.000000 0.000000 0.000000 0.000000
0.000000 0.000000 0.903208 0.000000 0.000000 0.000000 0.000000 0.000000
0.000000 0.000000 0.911062 0.000000 0.000000 0.000000 0.000000 0.000000
0.000000 0.000000 0.918916 0.000000 0.000000 0.000000 0.000000 0.000000
0.000000 0.000000 0.926770 0.000000 0.000000 0.000000 0.000000 0.000000
0.000000 0.000000 0.934624 0.000000 0.000000 0.000000 0.000000 0.000000
0.000000 0.000000 0.942478 0.000000 0.000000 0.000000 0.000000 0.000000
0.000000 0.000000 0.950332 0.000000 0.000000 0.000000 0.000000 0.000000
0.000000 0.000000 0.958186 0.000000 0.000000 0.000000 0.000000 0.000000
0.000000 0.000000 0.966040 0.000000 0.000000 0.000000 0.000000 0.000000
0.000000 0.000000 0.973894 0.000000 0.000000 0.000000 0.000000 0.000000
0.000000 0.000000 0.981748 0.000000 0.000000 0.000000 0.000000 0.000000
0.000000 0.000000 0.989602 0.000000 0.000000 0.000000 0.000000 0.000000
0.000000 0.000000 0.997456 0.000000 0.000000 0.000000 0.000000 0.000000
0.000000 0.000000 1.005310 0.000000 0.000000 0.000000 0.000000 0.000000
0.000000 0.000000 1.013164 0.000000 0.000000 0.000000 0.000000 0.000000
0.000000 0.000000 1.021018 0.000000 0.000000 0.000000 0.000000 0.000000
0.000000 0.000000 1.028872 0.000000 0.000000 0.000000 0.000000 0.000000
0.000000 0.000000 1.036726 0.000000 0.000000 0.000000 0.000000 0.000000
0.000000 0.000000 1.044580 0.000000 0.000000 0.000000 0.000000 0.000000
0.000000 0.000000 1.052434 0.000000 0.000000 0.000000 0.000000 0.000000
0.000000 0.000000 1.060288 0.000000 0.000000 0.000000 0.000000 0.000000
0.000000 0.000000 1.068142 0.000000 0.000000 0.000000 0.000000 0.000000
0.000000 0.000000 1.075995 0.000000 0.000000 0.000000 0.000000 0.000000
0.000000 0.000000 1.083849 0.000000 0.000000 0.000000 0.000000 0.000000
0.000000 0.000000 1.091703 0.000000 0.000000 0.000000 0.000000 0.000000
0.000000 0.000000 1.099557 0.000000 0.000000 0.000000 0.000000 0.000000
0.000000 0.000000 1.107411 0.000000 0.000000 0.000000 0.000000 0.000000
0.000000 0.000000 1.115265 0.000000 0.000000 0.000000 0.000000 0.000000
0.000000 0.000000 1.123119 0.000000 0.000000 0.000000 0.000000 0.000000
0.000000 0.000000 1.130973 0.000000 0.000000 0.000000 0.000000 0.000000
0.000000 0.000000 1.138827 0.000000 0.000000 0.000000 0.000000 0.000000
0.000000 0.000000 1.146681 0.000000 0.000000 0.000000 0.000000 0.000000
0.000000 0.000000 1.154535 0.000000 0.000000 0.000000 0.000000 0.000000
0.000000 0.000000 1.162389 0.000000 0.000000 0.000000 0.000000 0.000000
0.000000 0.000000 1.170243 0.000000 0.000000 0.000000 0.000000 0.000000
0.000000 0.000000 1.178097 0.000000 0.000000 0.000000 0.000000 0.000000
0.000000 0.000000 1.185951 0.000000 0.000000 0.000000 0.000000 0.000000
0.000000 0.000000 1.193805 0.000000 0.000000 0.000000 0.000000 0.000000
0.000000 0.000000 1.201659 0.000000 0.000000 0.000000 0.000000 0.000000
0.000000 0.000000 1.209513 0.000000 0.000000 0.000000 0.000000 0.000000
0.000000 0.000000 1.217367 0.000000 0.000000 0.000000 0.000000 0.000000
0.000000 0.000000 1.225221 0.000000 0.000000 0.000000 0.000000 0.000000
0.000000 0.000000 1.233075 0.000000 0.000000 0.000000 0.000000 0.000000
0.000000 0.000000 1.240929 0.000000 0.000000 0.000000 0.000000 0.000000
0.000000 0.000000 1.248783 0.000000 0.000000 0.000000 0.000000 0.000000
0.000000 0.000000 1.256637 0.000000 0.000000 0.000000 0.000000 0.000000
0.000000 0.000000 1.264491 0.000000 0.000000 0.000000 0.000000 0.000000
0.000000 0.000000 1.272345 0.000000 0.000000 0.000000 0.000000 0.000000
0.000000 0.000000 1.280199 0.000000 0.000000 0.000000 0.000000 0.000000
0.000000 0.000000 1.288053 0.000000 0.000000 0.000000 0.000000 0.000000
0.000000 0.000000 1.295907 0.000000 0.000000 0.000000 0.000000 0.000000
0.000000 0.000000 1.303761 0.000000 0.000000 0.000000 0.000000 0.000000
0.000000 0.000000 1.311615 0.000000 0.000000 0.000000 0.000000 0.000000
0.000000 0.000000 1.319469 0.000000 0.000000 0.000000 0.000000 0.000000
0.000000 0.000000 1.327323 0.000000 0.000000 0.000000 0.000000 0.000000
0.000000 0.000000 1.335177 0.000000 0.000000 0.000000 0.000000 0.000000
0.000000 0.000000 1.343031 0.000000 0.000000 0.000000 0.000000 0.000000
0.000000 0.000000 1.350885 0.000000 0.000000 0.000000 0.000000 0.000000
0.000000 0.000000 1.358739 0.000000 0.000000 0.000000 0.000000 0.000000
0.000000 0.000000 1.366593 0.000000 0.000000 0.000000 0.000000 0.000000
0.000000 0.000000 1.374447 0.000000 0.000000 0.000000 0.000000 0.000000
0.000000 0.000000 1.382301 0.000000 0.000000 0.000000 0.000000 0.000000
0.000000 0.000000 1.390155 0.000000 0.000000 0.000000 0.000000 0.000000
0.000000 0.000000 1.398009 0.000000 0.000000 0.000000 0.000000 0.000000
0.000000 0.000000 1.405863 0.000000 0.000000 0.000000 0.000000 0.000000
0.000000 0.000000 1.413717 0.000000 0.000000 0.000000 0.000000 0.000000
0.000000 0.000000 1.421571 0.000000 0.000000 0.000000 0.000000 0.000000
0.000000 0.000000 1.429425 0.000000 0.000000 0.000000 0.000000 0.000000
0.000000 0.000000 1.437279 0.000000 0.000000 0.000000 0.000000 0.000000
0.000000 0.000000 1.445133 0.000000 0.000000 0.000000 0.000000 0.000000
0.000000 0.000000 1.452987 0.000000 0.000000 0.000000 0.000000 0.000000
0.000000 0.000000 1.460841 0.000000 0.000000 0.000000 0.000000 0.000000
0.000000 0.000000 1.468695 0.000000 0.000000 0.000000 0.000000 0.000000
0.000000 0.000000 1.476549 0.000000 0.000000 0.000000 0.000000 0.000000
0.000000 0.000000 1.484403 0.000000 0.000000 0.000000 0.000000 0.000000
0.000000 0.000000 1.492257 0.000000 0.000000 0.000000 0.000000 0.000000
0.000000 0.000000 1.500110 0.000000 0.000000 0.000000 0.000000 0.000000
0.000000 0.000000 1.507964 0.000000 0.000000 0.000000 0.000000 0.000000
0.000000 0.000000 1.515818 0.000000 0.000000 0.000000 0.000000 0.000000
0.000000 0.000000 1.523672 0.000000 0.000000 0.000000 0.000000 0.000000
0.000000 0.000000 1.531526 0.000000 0.000000 0.000000 0.000000 0.000000
0.000000 0.000000 1.539380 0.000000 0.000000 0.000000 0.000000 0.000000
0.000000 0.000000 1.547234 0.000000 0.000000 0.000000 0.000000 0.000000
0.000000 0.000000 1.555088 0.000000 0.000000 0.000000 0.000000 0.000000
0.000000 0.000000 1.562942 0.000000 0.000000 0.000000 0.000000 0.000000
0.000000 0.000000 1.570796 0.000000 0.000000 0.000000 0.000000 0.000000
0.000000 0.000000 1.570796 0.000000 0.000000 0.000000 0.000000 0.000000
0.000000 0.000000 1.570796 0.000000 0.000000 0.000000 0.000000 0.000000
0.000000 0.000000 1.570796 0.000000 0.000000 0.000000 0.000000 0.000000
0.000000 0.000000 1.570796 0.000000 0.000000 0.000000 0.000000 0.000000
0.000000 0.000000 1.570796 0.000000 0.000000 0.000000 0.000000 0.000000
0.000000 0.000000 1.570796 0.000000 0.000000 0.000000 0.000000 0.000000
0.000000 0.000000 1.570796 0.000000 0.000000 0.000000 0.000000 0.000000
0.000000 0.000000 1.570796 0.000000 0.000000 0.000000 0.000000 0.000000
0.000000 0.000000 1.570796 0.000000 0.000000 0.000000 0.000000 0.000000
0.000000 0.000000 1.570796 0.000000 0.000000 0.000000 0.000000 0.000000
0.000000 0.000000 1.570796 0.000000 0.000000 0.000000 0.000000 0.000000
0.000000 0.000000 1.570796 0.000000 0.000000 0.000000 0.000000 0.000000
0.000000 0.000000 1.570796 0.000000 0.000000 0.000000 0.000000 0.000000
0.000000 0.000000 1.570796 0.000000 0.000000 0.000000 0.000000 0.000000
0.000000 0.000000 1.570796 0.000000 0.000000 0.000000 0.000000 0.000000
0.000000 0.000000 1.570796 0.000000 0.000000 0.000000 0.000000 0.000000
0.000000 0.000000 1.570796 0.000000 0.000000 0.000000 0.000000 0.000000
0.000000 0.000000 1.570796 0.000000 0.000000 0.000000 0.000000 0.000000
0.000000 0.000000 1.570796 0.000000 0.000000 0.000000 0.000000 0.000000
0.000000 0.000000 1.570796 0.000000 0.000000 0.000000 0.000000 0.000000
0.000000 0.000000 1.570796 0.000000 0.000000 0.000000 0.000000 0.000000
0.000000 0.000000 1.570796 0.000000 0.000000 0.000000 0.000000 0.000000
0.000000 0.000000 1.570796 0.000000 0.000000 0.000000 0.000000 0.000000
0.000000 0.000000 1.570796 0.000000 0.000000 0.000000 0.000000 0.000000
0.000000 0.000000 1.570796 0.000000 0.000000 0.000000 0.000000 0.000000
0.000000 0.000000 1.570796 0.000000 0.000000 0.000000 0.000000 0.000000
0.000000 0.000000 1.570796 0.000000 0.000000 0.000000 0.000000 0.000000
0.000000 0.000000 1.570796 0.000000 0.000000 0.000000 0.000000 0.000000
0.000000 0.000000 1.570796 0.000000 0.000000 0.000000 0.000000 0.000000
0.000000 0.000000 1.570796 0.000000 0.000000 0.000000 0.000000 0.000000
0.000000 0.000000 1.570796 0.000000 0.000000 0.000000 0.000000 0.000000
0.000000 0.000000 1.570796 0.000000 0.000000 0.000000 0.000000 0.000000
0.000000 0.000000 1.570796 0.000000 0.000000 0.000000 0.000000 0.000000
0.000000 0.000000 1.570796 0.000000 0.000000 0.000000 0.000000 0.000000
0.000000 0.000000 1.570796 0.000000 0.000000 0.000000 0.000000 0.000000
0.000000 0.000000 1.570796 0.000000 0.000000 0.000000 0.000000 0.000000
0.000000 0.000000 1.570796 0.000000 0.000000 0.000000 0.000000 0.000000
0.000000 0.000000 1.570796 0.000000 0.000000 0.000000 0.000000 0.000000
0.000000 0.000000 1.570796 0.000000 0.000000 0.000000 0.000000 0.000000
0.000000 0.000000 1.570796 0.000000 0.000000 0.000000 0.000000 0.000000
0.000000 0.000000 1.570796 0.000000 0.000000 0.000000 0.000000 0.000000
0.000000 0.000000 1.570796 0.000000 0.000000 0.000000 0.000000 0.000000
0.000000 0.000000 1.570796 0.000000 0.000000 0.000000 0.000000 0.000000
0.000000 0.000000 1.570796 0.000000 0.000000 0.000000 0.000000 0.000000
0.000000 0.000000 1.570796 0.000000 0.000000 0.000000 0.000000 0.000000
0.000000 0.000000 1.570796 0.000000 0.000000 0.000000 0.000000 0.000000
0.000000 0.000000 1.570796 0.000000 0.000000 0.000000 0.000000 0.000000
0.000000 0.000000 1.570796 0.000000 0.000000 0.000000 0.000000 0.000000
0.000000 0.000000 1.570796 0.000000 0.000000 0.000000 0.000000 0.000000
0.000000 0.000000 1.570796 0.000000 0.000000 0.000000 0.000000 0.000000
0.000000 0.000000 1.570796 0.000000 0.000000 0.000000 0.000000 0.000000
0.000000 0.000000 1.570796 0.000000 0.000000 0.000000 0.000000 0.000000
0.000000 0.000000 1.570796 0.000000 0.000000 0.000000 0.000000 0.000000
0.000000 0.000000 1.570796 0.000000 0.000000 0.000000 0.000000 0.000000
0.000000 0.000000 1.570796 0.000000 0.000000 0.000000 0.000000 0.000000
0.000000 0.000000 1.570796 0.000000 0.000000 0.000000 0.000000 0.000000
0.000000 0.000000 1.570796 0.000000 0.000000 0.000000 0.000000 0.000000
0.000000 0.000000 1.570796 0.000000 0.000000 0.000000 0.000000 0.000000
0.000000 0.000000 1.570796 0.000000 0.000000 0.000000 0.000000 0.000000
0.000000 0.000000 1.570796 0.000000 0.000000 0.000000 0.000000 0.000000
0.000000 0.000000 1.570796 0.000000 0.000000 0.000000 0.000000 0.000000
0.000000 0.000000 1.570796 0.000000 0.000000 0.000000 0.000000 0.000000
0.000000 0.000000 1.570796 0.000000 0.000000 0.000000 0.000000 0.000000
0.000000 0.000000 1.570796 0.000000 0.000000 0.000000 0.000000 0.000000
0.000000 0.000000 1.570796 0.000000 0.000000 0.000000 0.000000 0.000000
0.000000 0.000000 1.570796 0.000000 0.000000 0.000000 0.000000 0.000000
0.000000 0.000000 1.570796 0.000000 0.000000 0.000000 0.000000 0.000000
0.000000 0.000000 1.570796 0.000000 0.000000 0.000000 0.000000 0.000000
0.000000 0.000000 1.570796 0.000000 0.000000 0.000000 0.000000 0.000000
0.000000 0.000000 1.570796 0.000000 0.000000 0.000000 0.000000 0.000000
0.000000 0.000000 1.570796 0.000000 0.000000 0.000000 0.000000 0.000000
0.000000 0.000000 1.570796 0.000000 0.000000 0.000000 0.000000 0.000000
0.000000 0.000000 1.570796 0.000000 0.000000 0.000000 0.000000 0.000000
0.000000 0.000000 1.570796 0.000000 0.000000 0.000000 0.000000 0.000000
0.000000 0.000000 1.570796 0.000000 0.000000 0.000000 0.000000 0.000000
0.000000 0.000000 1.570796 0.000000 0.000000 0.000000 0.000000 0.000000
0.000000 0.000000 1.570796 0.000000 0.000000 0.000000 0.000000 0.000000
0.000000 0.000000 1.570796 0.000000 0.000000 0.000000 0.000000 0.000000
0.000000 0.000000 1.570796 0.000000 0.000000 0.000000 0.000000 0.000000
0.000000 0.000000 1.570796 0.000000 0.000000 0.000000 0.000000 0.000000
0.000000 0.000000 1.570796 0.000000 0.000000 0.000000 0.000000 0.000000
0.000000 0.000000 1.570796 0.000000 0.000000 0.000000 0.000000 0.000000
0.000000 0.000000 1.570796 0.000000 0.000000 0.000000 0.000000 0.000000
0.000000 0.000000 1.570796 0.000000 0.000000 0.000000 0.000000 0.000000
0.000000 0.000000 1.570796 0.000000 0.000000 0.000000 0.000000 0.000000
0.000000 0.000000 1.570796 0.000000 0.000000 0.000000 0.000000 0.000000
0.000000 0.000000 1.570796 0.000000 0.000000 0.000000 0.000000 0.000000
0.000000 0.000000 1.570796 0.000000 0.000000 0.000000 0.000000 0.000000
0.000000 0.000000 1.570796 0.000000 0.000000 0.000000 0.000000 0.000000
0.000000 0.000000 1.570796 0.000000 0.000000 0.000000 0.000000 0.000000
0.000000 0.000000 1.570796 0.000000 0.000000 0.000000 0.000000 0.000000
0.000000 0.000000 1.570796 0.000000 0.000000 0.000000 0.000000 0.000000
0.000000 0.000000 1.570796 0.000000 0.000000 0.000000 0.000000 0.000000
0.000000 0.000000 1.570796 0.000000 0.000000 0.000000 0.000000 0.000000
0.000000 0.000000 1.570796 0.000000 0.000000 0.000000 0.000000 0.000000
0.000000 0.000000 1.570796 0.000000 0.000000 0.000000 0.000000 0.000000
0.000000 0.000000 1.570796 0.000000 0.000000 0.000000 0.000000 0.000000
0.000000 0.000000 1.570796 0.000000 0.000000 0.000000 0.000000 0.000000
0.000000 0.000000 1.570796 0.000000 0.000000 0.000000 0.000000 0.000000
0.000000 0.000000 1.570796 0.000000 0.000000 0.000000 0.000000 0.000000
0.000000 0.000000 1.570796 0.000000 0.000000 0.000000 0.000000 0.000000
0.000000 0.000000 1.570796 0.000000 0.000000 0.000000 0.000000 0.000000
0.000000 0.000000 1.570796 0.000000 0.000000 0.000000 0.000000 0.000000
0.000000 0.000000 1.570796 0.000000 0.000000 0.000000 0.000000 0.000000
0.000000 0.000000 1.570796 0.000000 0.000000 0.000000 0.000000 0.000000
0.000000 0.000000 1.570796 0.000000 0.000000 0.000000 0.000000 0.000000
0.000000 0.000000 1.570796 0.000000 0.000000 0.000000 0.000000 0.000000
0.000000 0.000000 1.570796 0.000000 0.000000 0.000000 0.000000 0.000000
0.000000 0.000000 1.570796 0.000000 0.000000 0.000000 0.000000 0.000000
0.000000 0.000000 1.570796 0.000000 0.000000 0.000000 0.000000 0.000000
0.000000 0.000000 1.570796 0.000000 0.000000 0.000000 0.000000 0.000000
0.000000 0.000000 1.570796 0.000000 0.000000 0.000000 0.000000 0.000000
0.000000 0.000000 1.570796 0.000000 0.000000 0.000000 0.000000 0.000000
0.000000 0.000000 1.570796 0.000000 0.000000 0.000000 0.000000 0.000000
0.000000 0.000000 1.570796 0.000000 0.000000 0.000000 0.000000 0.000000
0.000000 0.000000 1.570796 0.000000 0.000000 0.000000 0.000000 0.000000
0.000000 0.000000 1.570796 0.000000 0.000000 0.000000 0.000000 0.000000
0.000000 0.000000 1.570796 0.000000 0.000000 0.000000 0.000000 0.000000
0.000000 0.000000 1.570796 0.000000 0.000000 0.000000 0.000000 0.000000
0.000000 0.000000 1.570796 0.000000 0.000000 0.000000 0.000000 0.000000
0.000000 0.000000 1.570796 0.000000 0.000000 0.000000 0.000000 0.000000
0.000000 0.000000 1.570796 0.000000 0.000000 0.000000 0.000000 0.000000
0.000000 0.000000 1.570796 0.000000 0.000000 0.000000 0.000000 0.000000
0.000000 0.000000 1.570796 0.000000 0.000000 0.000000 0.000000 0.000000
0.000000 0.000000 1.570796 0.000000 0.000000 0.000000 0.000000 0.000000
0.000000 0.000000 1.570796 0.000000 0.000000 0.000000 0.000000 0.000000
0.000000 0.000000 1.570796 0.000000 0.000000 0.000000 0.000000 0.000000
0.000000 0.000000 1.570796 0.000000 0.000000 0.000000 0.000000 0.000000
0.000000 0.000000 1.570796 0.000000 0.000000 0.000000 0.000000 0.000000
0.000000 0.000000 1.570796 0.000000 0.000000 0.000000 0.000000 0.000000
0.000000 0.000000 1.570796 0.000000 0.000000 0.000000 0.000000 0.000000
0.000000 0.000000 1.570796 0.000000 0.000000 0.000000 0.000000 0.000000
0.000000 0.000000 1.570796 0.000000 0.000000 0.000000 0.000000 0.000000
0.000000 0.000000 1.570796 0.000000 0.000000 0.000000 0.000000 0.000000
0.000000 0.000000 1.570796 0.000000 0.000000 0.000000 0.000000 0.000000
0.000000 0.000000 1.570796 0.000000 0.000000 0.000000 0.000000 0.000000
0.000000 0.000000 1.570796 0.000000 0.000000 0.000000 0.000000 0.000000
0.000000 0.000000 1.570796 0.000000 0.000000 0.000000 0.000000 0.000000
0.000000 0.000000 1.570796 0.000000 0.000000 0.000000 0.000000 0.000000
0.000000 0.000000 1.570796 0.000000 0.000000 0.000000 0.000000 0.000000
0.000000 0.000000 1.570796 0.000000 0.000000 0.000000 0.000000 0.000000
0.000000 0.000000 1.570796 0.000000 0.000000 0.000000 0.000000 0.000000
0.000000 0.000000 1.570796 0.000000 0.000000 0.000000 0.000000 0.000000
0.000000 0.000000 1.570796 0.000000 0.000000 0.000000 0.000000 0.000000
0.000000 0.000000 1.570796 0.000000 0.000000 0.000000 0.000000 0.000000
0.000000 0.000000 1.570796 0.000000 0.000000 0.000000 0.000000 0.000000
0.000000 0.000000 1.570796 0.000000 0.000000 0.000000 0.000000 0.000000
0.000000 0.000000 1.570796 0.000000 0.000000 0.000000 0.000000 0.000000
0.000000 0.000000 1.570796 0.000000 0.000000 0.000000 0.000000 0.000000
0.000000 0.000000 1.570796 0.000000 0.000000 0.000000 0.000000 0.000000
0.000000 0.000000 1.570796 0.000000 0.000000 0.000000 0.000000 0.000000
0.000000 0.000000 1.570796 0.000000 0.000000 0.000000 0.000000 0.000000
0.000000 0.000000 1.570796 0.000000 0.000000 0.000000 0.000000 0.000000
0.000000 0.000000 1.570796 0.000000 0.000000 0.000000 0.000000 0.000000
0.000000 0.000000 1.570796 0.000000 0.000000 0.000000 0.000000 0.000000
0.000000 0.000000 1.570796 0.000000 0.000000 0.000000 0.000000 0.000000
0.000000 0.000000 1.570796 0.000000 0.000000 0.000000 0.000000 0.000000
0.000000 0.000000 1.570796 0.000000 0.000000 0.000000 0.000000 0.000000
0.000000 0.000000 1.570796 0.000000 0.000000 0.000000 0.000000 0.000000
0.000000 0.000000 1.570796 0.000000 0.000000 0.000000 0.000000 0.000000
