0.000000 0.000000 0.000000 0.000000 0.000000 0.000000 0.000000 0.000000
0.000000 0.000000 0.000000 0.000000 0.000000 0.000000 0.000000 0.000000
0.000000 0.000000 0.000000 0.000000 0.000000 0.000000 0.000000 0.000000
0.000000 0.000000 0.000000 0.000000 0.000000 0.000000 0.000000 0.000000
0.000000 0.000000 0.000000 0.000000 0.000000 0.000000 0.000000 0.000000
0.000000 0.000000 0.000000 0.000000 0.000000 0.000000 0.000000 0.000000
0.000000 0.000000 0.000000 0.000000 0.000000 0.000000 0.000000 0.000000
0.000000 0.000000 0.000000 0.000000 0.000000 0.000000 0.000000 0.000000
0.000000 0.000000 0.000000 0.000000 0.000000 0.000000 0.000000 0.000000
0.000000 0.000000 0.000000 0.000000 0.000000 0.000000 0.000000 0.000000
0.000000 0.000000 0.000000 0.000000 0.000000 0.000000 0.000000 0.000000
0.000000 0.000000 0.000000 0.000000 0.000000 0.000000 0.000000 0.000000
0.000000 0.000000 0.000000 0.000000 0.000000 0.000000 0.000000 0.000000
0.000000 0.000000 0.000000 0.000000 0.000000 0.000000 0.000000 0.000000
0.000000 0.000000 0.000000 0.000000 0.000000 0.000000 0.000000 0.000000
0.000000 0.000000 0.000000 0.000000 0.000000 0.000000 0.000000 0.000000
0.000000 0.000000 0.000000 0.000000 0.000000 0.000000 0.000000 0.000000
0.000000 0.000000 0.000000 0.000000 0.000000 0.000000 0.000000 0.000000
0.000000 0.000000 0.000000 0.000000 0.000000 0.000000 0.000000 0.000000
0.000000 0.000000 0.000000 0.000000 0.000000 0.000000 0.000000 0.000000
0.000000 0.000000 0.000000 0.000000 0.000000 0.000000 0.000000 0.000000
0.000000 0.000000 0.000000 0.000000 0.000000 0.000000 0.000000 0.000000
0.000000 0.000000 0.000000 0.000000 0.000000 0.000000 0.000000 0.000000
0.000000 0.000000 0.000000 0.000000 0.000000 0.000000 0.000000 0.000000
0.000000 0.000000 0.000000 0.000000 0.000000 0.000000 0.000000 0.000000
0.000000 0.000000 0.000000 0.000000 0.000000 0.000000 0.000000 0.000000
0.000000 0.000000 0.000000 0.000000 0.000000 0.000000 0.000000 0.000000
0.000000 0.000000 0.000000 0.000000 0.000000 0.000000 0.000000 0.000000
0.000000 0.000000 0.000000 0.000000 0.000000 0.000000 0.000000 0.000000
0.000000 0.000000 0.000000 0.000000 0.000000 0.000000 0.000000 0.000000
0.000000 0.000000 0.000000 0.000000 0.000000 0.000000 0.000000 0.000000
0.000000 0.000000 0.000000 0.000000 0.000000 0.000000 0.000000 0.000000
0.000000 0.000000 0.000000 0.000000 0.000000 0.000000 0.000000 0.000000
0.000000 0.000000 0.000000 0.000000 0.000000 0.000000 0.000000 0.000000
0.000000 0.000000 0.000000 0.000000 0.000000 0.000000 0.000000 0.000000
0.000000 0.000000 0.000000 0.000000 0.000000 0.000000 0.000000 0.000000
0.000000 0.000000 0.000000 0.000000 0.000000 0.000000 0.000000 0.000000
0.000000 0.000000 0.000000 0.000000 0.000000 0.000000 0.000000 0.000000
0.000000 0.000000 0.000000 0.000000 0.000000 0.000000 0.000000 0.000000
0.000000 0.000000 0.000000 0.000000 0.000000 0.000000 0.000000 0.000000
0.000000 0.000000 0.000000 0.000000 0.000000 0.000000 0.000000 0.000000
0.000000 0.000000 0.008224 0.000000 0.000000 0.000000 0.000000 0.000000
0.000000 0.000000 0.016447 0.000000 0.000000 0.000000 0.000000 0.000000
0.000000 0.000000 0.024665 0.000000 0.000000 0.000000 0.000000 0.000000
0.000000 0.000000 0.032877 0.000000 0.000000 0.000000 0.000000 0.000000
0.000000 0.000000 0.041081 0.000000 0.000000 0.000000 0.000000 0.000000
0.000000 0.000000 0.049275 0.000000 0.000000 0.000000 0.000000 0.000000
0.000000 0.000000 0.057457 0.000000 0.000000 0.000000 0.000000 0.000000
0.000000 0.000000 0.065624 0.000000 0.000000 0.000000 0.000000 0.000000
0.000000 0.000000 0.073776 0.000000 0.000000 0.000000 0.000000 0.000000
0.000000 0.000000 0.081909 0.000000 0.000000 0.000000 0.000000 0.000000
0.000000 0.000000 0.090022 0.000000 0.000000 0.000000 0.000000 0.000000
0.000000 0.000000 0.098113 0.000000 0.000000 0.000000 0.000000 0.000000
0.000000 0.000000 0.106179 0.000000 0.000000 0.000000 0.000000 0.000000
0.000000 0.000000 0.114220 0.000000 0.000000 0.000000 0.000000 0.000000
0.000000 0.000000 0.122232 0.000000 0.000000 0.000000 0.000000 0.000000
0.000000 0.000000 0.130214 0.000000 0.000000 0.000000 0.000000 0.000000
0.000000 0.000000 0.138164 0.000000 0.000000 0.000000 0.000000 0.000000
0.000000 0.000000 0.146079 0.000000 0.000000 0.000000 0.000000 0.000000
0.000000 0.000000 0.153959 0.000000 0.000000 0.000000 0.000000 0.000000
0.000000 0.000000 0.161801 0.000000 0.000000 0.000000 0.000000 0.000000
0.000000 0.000000 0.169603 0.000000 0.000000 0.000000 0.000000 0.000000
0.000000 0.000000 0.177363 0.000000 0.000000 0.000000 0.000000 0.000000
0.000000 0.000000 0.185079 0.000000 0.000000 0.000000 0.000000 0.000000
0.000000 0.000000 0.192750 0.000000 0.000000 0.000000 0.000000 0.000000
0.000000 0.000000 0.200373 0.000000 0.000000 0.000000 0.000000 0.000000
0.000000 0.000000 0.207946 0.000000 0.000000 0.000000 0.000000 0.000000
0.000000 0.000000 0.215468 0.000000 0.000000 0.000000 0.000000 0.000000
0.000000 0.000000 0.222938 0.000000 0.000000 0.000000 0.000000 0.000000
0.000000 0.000000 0.230352 0.000000 0.000000 0.000000 0.000000 0.000000
0.000000 0.000000 0.237709 0.000000 0.000000 0.000000 0.000000 0.000000
0.000000 0.000000 0.245007 0.000000 0.000000 0.000000 0.000000 0.000000
0.000000 0.000000 0.252246 0.000000 0.000000 0.000000 0.000000 0.000000
0.000000 0.000000 0.259422 0.000000 0.000000 0.000000 0.000000 0.000000
0.000000 0.000000 0.266533 0.000000 0.000000 0.000000 0.000000 0.000000
0.000000 0.000000 0.273580 0.000000 0.000000 0.000000 0.000000 0.000000
0.000000 0.000000 0.280558 0.000000 0.000000 0.000000 0.000000 0.000000
0.000000 0.000000 0.287468 0.000000 0.000000 0.000000 0.000000 0.000000
0.000000 0.000000 0.294306 0.000000 0.000000 0.000000 0.000000 0.000000
0.000000 0.000000 0.301072 0.000000 0.000000 0.000000 0.000000 0.000000
0.000000 0.000000 0.307764 0.000000 0.000000 0.000000 0.000000 0.000000
0.000000 0.000000 0.314379 0.000000 0.000000 0.000000 0.000000 0.000000
0.000000 0.000000 0.320917 0.000000 0.000000 0.000000 0.000000 0.000000
0.000000 0.000000 0.327376 0.000000 0.000000 0.000000 0.000000 0.000000
0.000000 0.000000 0.333754 0.000000 0.000000 0.000000 0.000000 0.000000
0.000000 0.000000 0.340050 0.000000 0.000000 0.000000 0.000000 0.000000
0.000000 0.000000 0.346262 0.000000 0.000000 0.000000 0.000000 0.000000
0.000000 0.000000 0.352389 0.000000 0.000000 0.000000 0.000000 0.000000
0.000000 0.000000 0.358428 0.000000 0.000000 0.000000 0.000000 0.000000
0.000000 0.000000 0.364379 0.000000 0.000000 0.000000 0.000000 0.000000
0.000000 0.000000 0.370240 0.000000 0.000000 0.000000 0.000000 0.000000
0.000000 0.000000 0.376010 0.000000 0.000000 0.000000 0.000000 0.000000
0.000000 0.000000 0.381687 0.000000 0.000000 0.000000 0.000000 0.000000
0.000000 0.000000 0.387270 0.000000 0.000000 0.000000 0.000000 0.000000
0.000000 0.000000 0.392757 0.000000 0.000000 0.000000 0.000000 0.000000
0.000000 0.000000 0.398148 0.000000 0.000000 0.000000 0.000000 0.000000
0.000000 0.000000 0.403440 0.000000 0.000000 0.000000 0.000000 0.000000
0.000000 0.000000 0.408632 0.000000 0.000000 0.000000 0.000000 0.000000
0.000000 0.000000 0.413724 0.000000 0.000000 0.000000 0.000000 0.000000
0.000000 0.000000 0.418714 0.000000 0.000000 0.000000 0.000000 0.000000
0.000000 0.000000 0.423600 0.000000 0.000000 0.000000 0.000000 0.000000
0.000000 0.000000 0.428382 0.000000 0.000000 0.000000 0.000000 0.000000
0.000000 0.000000 0.433058 0.000000 0.000000 0.000000 0.000000 0.000000
0.000000 0.000000 0.437628 0.000000 0.000000 0.000000 0.000000 0.000000
0.000000 0.000000 0.442089 0.000000 0.000000 0.000000 0.000000 0.000000
0.000000 0.000000 0.446441 0.000000 0.000000 0.000000 0.000000 0.000000
0.000000 0.000000 0.450683 0.000000 0.000000 0.000000 0.000000 0.000000
0.000000 0.000000 0.454814 0.000000 0.000000 0.000000 0.000000 0.000000
0.000000 0.000000 0.458833 0.000000 0.000000 0.000000 0.000000 0.000000
0.000000 0.000000 0.462739 0.000000 0.000000 0.000000 0.000000 0.000000
0.000000 0.000000 0.466530 0.000000 0.000000 0.000000 0.000000 0.000000
0.000000 0.000000 0.470206 0.000000 0.000000 0.000000 0.000000 0.000000
0.000000 0.000000 0.473766 0.000000 0.000000 0.000000 0.000000 0.000000
0.000000 0.000000 0.477210 0.000000 0.000000 0.000000 0.000000 0.000000
0.000000 0.000000 0.480535 0.000000 0.000000 0.000000 0.000000 0.000000
0.000000 0.000000 0.483742 0.000000 0.000000 0.000000 0.000000 0.000000
0.000000 0.000000 0.486830 0.000000 0.000000 0.000000 0.000000 0.000000
0.000000 0.000000 0.489797 0.000000 0.000000 0.000000 0.000000 0.000000
0.000000 0.000000 0.492644 0.000000 0.000000 0.000000 0.000000 0.000000
0.000000 0.000000 0.495369 0.000000 0.000000 0.000000 0.000000 0.000000
0.000000 0.000000 0.497972 0.000000 0.000000 0.000000 0.000000 0.000000
0.000000 0.000000 0.500452 0.000000 0.000000 0.000000 0.000000 0.000000
0.000000 0.000000 0.502809 0.000000 0.000000 0.000000 0.000000 0.000000
0.000000 0.000000 0.505041 0.000000 0.000000 0.000000 0.000000 0.000000
0.000000 0.000000 0.507149 0.000000 0.000000 0.000000 0.000000 0.000000
0.000000 0.000000 0.509132 0.000000 0.000000 0.000000 0.000000 0.000000
0.000000 0.000000 0.510989 0.000000 0.000000 0.000000 0.000000 0.000000
0.000000 0.000000 0.512720 0.000000 0.000000 0.000000 0.000000 0.000000
0.000000 0.000000 0.514324 0.000000 0.000000 0.000000 0.000000 0.000000
0.000000 0.000000 0.515802 0.000000 0.000000 0.000000 0.000000 0.000000
0.000000 0.000000 0.517152 0.000000 0.000000 0.000000 0.000000 0.000000
0.000000 0.000000 0.518375 0.000000 0.000000 0.000000 0.000000 0.000000
0.000000 0.000000 0.519470 0.000000 0.000000 0.000000 0.000000 0.000000
0.000000 0.000000 0.520437 0.000000 0.000000 0.000000 0.000000 0.000000
0.000000 0.000000 0.521275 0.000000 0.000000 0.000000 0.000000 0.000000
0.000000 0.000000 0.521985 0.000000 0.000000 0.000000 0.000000 0.000000
0.000000 0.000000 0.522566 0.000000 0.000000 0.000000 0.000000 0.000000
0.000000 0.000000 0.523018 0.000000 0.000000 0.000000 0.000000 0.000000
0.000000 0.000000 0.523340 0.000000 0.000000 0.000000 0.000000 0.000000
0.000000 0.000000 0.523534 0.000000 0.000000 0.000000 0.000000 0.000000
0.000000 0.000000 0.523599 0.000000 0.000000 0.000000 0.000000 0.000000
0.000000 0.000000 0.523534 0.000000 0.000000 0.000000 0.000000 0.000000
0.000000 0.000000 0.523340 0.000000 0.000000 0.000000 0.000000 0.000000
0.000000 0.000000 0.523018 0.000000 0.000000 0.000000 0.000000 0.000000
0.000000 0.000000 0.522566 0.000000 0.000000 0.000000 0.000000 0.000000
0.000000 0.000000 0.521985 0.000000 0.000000 0.000000 0.000000 0.000000
0.000000 0.000000 0.521275 0.000000 0.000000 0.000000 0.000000 0.000000
0.000000 0.000000 0.520437 0.000000 0.000000 0.000000 0.000000 0.000000
0.000000 0.000000 0.519470 0.000000 0.000000 0.000000 0.000000 0.000000
0.000000 0.000000 0.518375 0.000000 0.000000 0.000000 0.000000 0.000000
0.000000 0.000000 0.517152 0.000000 0.000000 0.000000 0.000000 0.000000
0.000000 0.000000 0.515802 0.000000 0.000000 0.000000 0.000000 0.000000
0.000000 0.000000 0.514324 0.000000 0.000000 0.000000 0.000000 0.000000
0.000000 0.000000 0.512720 0.000000 0.000000 0.000000 0.000000 0.000000
0.000000 0.000000 0.510989 0.000000 0.000000 0.000000 0.000000 0.000000
0.000000 0.000000 0.509132 0.000000 0.000000 0.000000 0.000000 0.000000
0.000000 0.000000 0.507149 0.000000 0.000000 0.000000 0.000000 0.000000
0.000000 0.000000 0.505041 0.000000 0.000000 0.000000 0.000000 0.000000
0.000000 0.000000 0.502809 0.000000 0.000000 0.000000 0.000000 0.000000
0.000000 0.000000 0.500452 0.000000 0.000000 0.000000 0.000000 0.000000
0.000000 0.000000 0.497972 0.000000 0.000000 0.000000 0.000000 0.000000
0.000000 0.000000 0.495369 0.000000 0.000000 0.000000 0.000000 0.000000
0.000000 0.000000 0.492644 0.000000 0.000000 0.000000 0.000000 0.000000
0.000000 0.000000 0.489797 0.000000 0.000000 0.000000 0.000000 0.000000
0.000000 0.000000 0.486830 0.000000 0.000000 0.000000 0.000000 0.000000
0.000000 0.000000 0.483742 0.000000 0.000000 0.000000 0.000000 0.000000
0.000000 0.000000 0.480535 0.000000 0.000000 0.000000 0.000000 0.000000
0.000000 0.000000 0.477210 0.000000 0.000000 0.000000 0.000000 0.000000
0.000000 0.000000 0.473766 0.000000 0.000000 0.000000 0.000000 0.000000
0.000000 0.000000 0.470206 0.000000 0.000000 0.000000 0.000000 0.000000
0.000000 0.000000 0.466530 0.000000 0.000000 0.000000 0.000000 0.000000
0.000000 0.000000 0.462739 0.000000 0.000000 0.000000 0.000000 0.000000
0.000000 0.000000 0.458833 0.000000 0.000000 0.000000 0.000000 0.000000
0.000000 0.000000 0.454814 0.000000 0.000000 0.000000 0.000000 0.000000
0.000000 0.000000 0.450683 0.000000 0.000000 0.000000 0.000000 0.000000
0.000000 0.000000 0.446441 0.000000 0.000000 0.000000 0.000000 0.000000
0.000000 0.000000 0.442089 0.000000 0.000000 0.000000 0.000000 0.000000
0.000000 0.000000 0.437628 0.000000 0.000000 0.000000 0.000000 0.000000
0.000000 0.000000 0.433058 0.000000 0.000000 0.000000 0.000000 0.000000
0.000000 0.000000 0.428382 0.000000 0.000000 0.000000 0.000000 0.000000
0.000000 0.000000 0.423600 0.000000 0.000000 0.000000 0.000000 0.000000
0.000000 0.000000 0.418714 0.000000 0.000000 0.000000 0.000000 0.000000
0.000000 0.000000 0.413724 0.000000 0.000000 0.000000 0.000000 0.000000
0.000000 0.000000 0.408632 0.000000 0.000000 0.000000 0.000000 0.000000
0.000000 0.000000 0.403440 0.000000 0.000000 0.000000 0.000000 0.000000
0.000000 0.000000 0.398148 0.000000 0.000000 0.000000 0.000000 0.000000
0.000000 0.000000 0.392757 0.000000 0.000000 0.000000 0.000000 0.000000
0.000000 0.000000 0.387270 0.000000 0.000000 0.000000 0.000000 0.000000
0.000000 0.000000 0.381687 0.000000 0.000000 0.000000 0.000000 0.000000
0.000000 0.000000 0.376010 0.000000 0.000000 0.000000 0.000000 0.000000
0.000000 0.000000 0.370240 0.000000 0.000000 0.000000 0.000000 0.000000
0.000000 0.000000 0.364379 0.000000 0.000000 0.000000 0.000000 0.000000
0.000000 0.000000 0.358428 0.000000 0.000000 0.000000 0.000000 0.000000
0.000000 0.000000 0.352389 0.000000 0.000000 0.000000 0.000000 0.000000
0.000000 0.000000 0.346262 0.000000 0.000000 0.000000 0.000000 0.000000
0.000000 0.000000 0.340050 0.000000 0.000000 0.000000 0.000000 0.000000
0.000000 0.000000 0.333754 0.000000 0.000000 0.000000 0.000000 0.000000
0.000000 0.000000 0.327376 0.000000 0.000000 0.000000 0.000000 0.000000
0.000000 0.000000 0.320917 0.000000 0.000000 0.000000 0.000000 0.000000
0.000000 0.000000 0.314379 0.000000 0.000000 0.000000 0.000000 0.000000
0.000000 0.000000 0.307764 0.000000 0.000000 0.000000 0.000000 0.000000
0.000000 0.000000 0.301072 0.000000 0.000000 0.000000 0.000000 0.000000
0.000000 0.000000 0.294306 0.000000 0.000000 0.000000 0.000000 0.000000
0.000000 0.000000 0.287468 0.000000 0.000000 0.000000 0.000000 0.000000
0.000000 0.000000 0.280558 0.000000 0.000000 0.000000 0.000000 0.000000
0.000000 0.000000 0.273580 0.000000 0.000000 0.000000 0.000000 0.000000
0.000000 0.000000 0.266533 0.000000 0.000000 0.000000 0.000000 0.000000
0.000000 0.000000 0.259422 0.000000 0.000000 0.000000 0.000000 0.000000
0.000000 0.000000 0.252246 0.000000 0.000000 0.000000 0.000000 0.000000
0.000000 0.000000 0.245007 0.000000 0.000000 0.000000 0.000000 0.000000
0.000000 0.000000 0.237709 0.000000 0.000000 0.000000 0.000000 0.000000
0.000000 0.000000 0.230352 0.000000 0.000000 0.000000 0.000000 0.000000
0.000000 0.000000 0.222938 0.000000 0.000000 0.000000 0.000000 0.000000
0.000000 0.000000 0.215468 0.000000 0.000000 0.000000 0.000000 0.000000
0.000000 0.000000 0.207946 0.000000 0.000000 0.000000 0.000000 0.000000
0.000000 0.000000 0.200373 0.000000 0.000000 0.000000 0.000000 0.000000
0.000000 0.000000 0.192750 0.000000 0.000000 0.000000 0.000000 0.000000
0.000000 0.000000 0.185079 0.000000 0.000000 0.000000 0.000000 0.000000
0.000000 0.000000 0.177363 0.000000 0.000000 0.000000 0.000000 0.000000
0.000000 0.000000 0.169603 0.000000 0.000000 0.000000 0.000000 0.000000
0.000000 0.000000 0.161801 0.000000 0.000000 0.000000 0.000000 0.000000
0.000000 0.000000 0.153959 0.000000 0.000000 0.000000 0.000000 0.000000
0.000000 0.000000 0.146079 0.000000 0.000000 0.000000 0.000000 0.000000
0.000000 0.000000 0.138164 0.000000 0.000000 0.000000 0.000000 0.000000
0.000000 0.000000 0.130214 0.000000 0.000000 0.000000 0.000000 0.000000
0.000000 0.000000 0.122232 0.000000 0.000000 0.000000 0.000000 0.000000
0.000000 0.000000 0.114220 0.000000 0.000000 0.000000 0.000000 0.000000
0.000000 0.000000 0.106179 0.000000 0.000000 0.000000 0.000000 0.000000
0.000000 0.000000 0.098113 0.000000 0.000000 0.000000 0.000000 0.000000
0.000000 0.000000 0.090022 0.000000 0.000000 0.000000 0.000000 0.000000
0.000000 0.000000 0.081909 0.000000 0.000000 0.000000 0.000000 0.000000
0.000000 0.000000 0.073776 0.000000 0.000000 0.000000 0.000000 0.000000
0.000000 0.000000 0.065624 0.000000 0.000000 0.000000 0.000000 0.000000
0.000000 0.000000 0.057457 0.000000 0.000000 0.000000 0.000000 0.000000
0.000000 0.000000 0.049275 0.000000 0.000000 0.000000 0.000000 0.000000
0.000000 0.000000 0.041081 0.000000 0.000000 0.000000 0.000000 0.000000
0.000000 0.000000 0.032877 0.000000 0.000000 0.000000 0.000000 0.000000
0.000000 0.000000 0.024665 0.000000 0.000000 0.000000 0.000000 0.000000
0.000000 0.000000 0.016447 0.000000 0.000000 0.000000 0.000000 0.000000
0.000000 0.000000 0.008224 0.000000 0.000000 0.000000 0.000000 0.000000
0.000000 0.000000 0.000000 0.000000 0.000000 0.000000 0.000000 0.000000
0.000000 0.000000 -0.008224 0.000000 0.000000 0.000000 0.000000 0.000000
0.000000 0.000000 -0.016447 0.000000 0.000000 0.000000 0.000000 0.000000
0.000000 0.000000 -0.024665 0.000000 0.000000 0.000000 0.000000 0.000000
0.000000 0.000000 -0.032877 0.000000 0.000000 0.000000 0.000000 0.000000
0.000000 0.000000 -0.041081 0.000000 0.000000 0.000000 0.000000 0.000000
0.000000 0.000000 -0.049275 0.000000 0.000000 0.000000 0.000000 0.000000
0.000000 0.000000 -0.057457 0.000000 0.000000 0.000000 0.000000 0.000000
0.000000 0.000000 -0.065624 0.000000 0.000000 0.000000 0.000000 0.000000
0.000000 0.000000 -0.073776 0.000000 0.000000 0.000000 0.000000 0.000000
0.000000 0.000000 -0.081909 0.000000 0.000000 0.000000 0.000000 0.000000
0.000000 0.000000 -0.090022 0.000000 0.000000 0.000000 0.000000 0.000000
0.000000 0.000000 -0.098113 0.000000 0.000000 0.000000 0.000000 0.000000
0.000000 0.000000 -0.106179 0.000000 0.000000 0.000000 0.000000 0.000000
0.000000 0.000000 -0.114220 0.000000 0.000000 0.000000 0.000000 0.000000
0.000000 0.000000 -0.122232 0.000000 0.000000 0.000000 0.000000 0.000000
0.000000 0.000000 -0.130214 0.000000 0.000000 0.000000 0.000000 0.000000
0.000000 0.000000 -0.138164 0.000000 0.000000 0.000000 0.000000 0.000000
0.000000 0.000000 -0.146079 0.000000 0.000000 0.000000 0.000000 0.000000
0.000000 0.000000 -0.153959 0.000000 0.000000 0.000000 0.000000 0.000000
0.000000 0.000000 -0.161801 0.000000 0.000000 0.000000 0.000000 0.000000
0.000000 0.000000 -0.169603 0.000000 0.000000 0.000000 0.000000 0.000000
0.000000 0.000000 -0.177363 0.000000 0.000000 0.000000 0.000000 0.000000
0.000000 0.000000 -0.185079 0.000000 0.000000 0.000000 0.000000 0.000000
0.000000 0.000000 -0.192750 0.000000 0.000000 0.000000 0.000000 0.000000
0.000000 0.000000 -0.200373 0.000000 0.000000 0.000000 0.000000 0.000000
0.000000 0.000000 -0.207946 0.000000 0.000000 0.000000 0.000000 0.000000
0.000000 0.000000 -0.215468 0.000000 0.000000 0.000000 0.000000 0.000000
0.000000 0.000000 -0.222938 0.000000 0.000000 0.000000 0.000000 0.000000
0.000000 0.000000 -0.230352 0.000000 0.000000 0.000000 0.000000 0.000000
0.000000 0.000000 -0.237709 0.000000 0.000000 0.000000 0.000000 0.000000
0.000000 0.000000 -0.245007 0.000000 0.000000 0.000000 0.000000 0.000000
0.000000 0.000000 -0.252246 0.000000 0.000000 0.000000 0.000000 0.000000
0.000000 0.000000 -0.259422 0.000000 0.000000 0.000000 0.000000 0.000000
0.000000 0.000000 -0.266533 0.000000 0.000000 0.000000 0.000000 0.000000
0.000000 0.000000 -0.273580 0.000000 0.000000 0.000000 0.000000 0.000000
0.000000 0.000000 -0.280558 0.000000 0.000000 0.000000 0.000000 0.000000
0.000000 0.000000 -0.287468 0.000000 0.000000 0.000000 0.000000 0.000000
0.000000 0.000000 -0.294306 0.000000 0.000000 0.000000 0.000000 0.000000
0.000000 0.000000 -0.301072 0.000000 0.000000 0.000000 0.000000 0.000000
0.000000 0.000000 -0.307764 0.000000 0.000000 0.000000 0.000000 0.000000
0.000000 0.000000 -0.314379 0.000000 0.000000 0.000000 0.000000 0.000000
0.000000 0.000000 -0.320917 0.000000 0.000000 0.000000 0.000000 0.000000
0.000000 0.000000 -0.327376 0.000000 0.000000 0.000000 0.000000 0.000000
0.000000 0.000000 -0.333754 0.000000 0.000000 0.000000 0.000000 0.000000
0.000000 0.000000 -0.340050 0.000000 0.000000 0.000000 0.000000 0.000000
0.000000 0.000000 -0.346262 0.000000 0.000000 0.000000 0.000000 0.000000
0.000000 0.000000 -0.352389 0.000000 0.000000 0.000000 0.000000 0.000000
0.000000 0.000000 -0.358428 0.000000 0.000000 0.000000 0.000000 0.000000
0.000000 0.000000 -0.364379 0.000000 0.000000 0.000000 0.000000 0.000000
0.000000 0.000000 -0.370240 0.000000 0.000000 0.000000 0.000000 0.000000
0.000000 0.000000 -0.376010 0.000000 0.000000 0.000000 0.000000 0.000000
0.000000 0.000000 -0.381687 0.000000 0.000000 0.000000 0.000000 0.000000
0.000000 0.000000 -0.387270 0.000000 0.000000 0.000000 0.000000 0.000000
0.000000 0.000000 -0.392757 0.000000 0.000000 0.000000 0.000000 0.000000
0.000000 0.000000 -0.398148 0.000000 0.000000 0.000000 0.000000 0.000000
0.000000 0.000000 -0.403440 0.000000 0.000000 0.000000 0.000000 0.000000
0.000000 0.000000 -0.408632 0.000000 0.000000 0.000000 0.000000 0.000000
0.000000 0.000000 -0.413724 0.000000 0.000000 0.000000 0.000000 0.000000
0.000000 0.000000 -0.418714 0.000000 0.000000 0.000000 0.000000 0.000000
0.000000 0.000000 -0.423600 0.000000 0.000000 0.000000 0.000000 0.000000
0.000000 0.000000 -0.428382 0.000000 0.000000 0.000000 0.000000 0.000000
0.000000 0.000000 -0.433058 0.000000 0.000000 0.000000 0.000000 0.000000
0.000000 0.000000 -0.437628 0.000000 0.000000 0.000000 0.000000 0.000000
0.000000 0.000000 -0.442089 0.000000 0.000000 0.000000 0.000000 0.000000
0.000000 0.000000 -0.446441 0.000000 0.000000 0.000000 0.000000 0.000000
0.000000 0.000000 -0.450683 0.000000 0.000000 0.000000 0.000000 0.000000
0.000000 0.000000 -0.454814 0.000000 0.000000 0.000000 0.000000 0.000000
0.000000 0.000000 -0.458833 0.000000 0.000000 0.000000 0.000000 0.000000
0.000000 0.000000 -0.462739 0.000000 0.000000 0.000000 0.000000 0.000000
0.000000 0.000000 -0.466530 0.000000 0.000000 0.000000 0.000000 0.000000
0.000000 0.000000 -0.470206 0.000000 0.000000 0.000000 0.000000 0.000000
0.000000 0.000000 -0.473766 0.000000 0.000000 0.000000 0.000000 0.000000
0.000000 0.000000 -0.477210 0.000000 0.000000 0.000000 0.000000 0.000000
0.000000 0.000000 -0.480535 0.000000 0.000000 0.000000 0.000000 0.000000
0.000000 0.000000 -0.483742 0.000000 0.000000 0.000000 0.000000 0.000000
0.000000 0.000000 -0.486830 0.000000 0.000000 0.000000 0.000000 0.000000
0.000000 0.000000 -0.489797 0.000000 0.000000 0.000000 0.000000 0.000000
0.000000 0.000000 -0.492644 0.000000 0.000000 0.000000 0.000000 0.000000
0.000000 0.000000 -0.495369 0.000000 0.000000 0.000000 0.000000 0.000000
0.000000 0.000000 -0.497972 0.000000 0.000000 0.000000 0.000000 0.000000
0.000000 0.000000 -0.500452 0.000000 0.000000 0.000000 0.000000 0.000000
0.000000 0.000000 -0.502809 0.000000 0.000000 0.000000 0.000000 0.000000
0.000000 0.000000 -0.505041 0.000000 0.000000 0.000000 0.000000 0.000000
0.000000 0.000000 -0.507149 0.000000 0.000000 0.000000 0.000000 0.000000
0.000000 0.000000 -0.509132 0.000000 0.000000 0.000000 0.000000 0.000000
0.000000 0.000000 -0.510989 0.000000 0.000000 0.000000 0.000000 0.000000
0.000000 0.000000 -0.512720 0.000000 0.000000 0.000000 0.000000 0.000000
0.000000 0.000000 -0.514324 0.000000 0.000000 0.000000 0.000000 0.000000
0.000000 0.000000 -0.515802 0.000000 0.000000 0.000000 0.000000 0.000000
0.000000 0.000000 -0.517152 0.000000 0.000000 0.000000 0.000000 0.000000
0.000000 0.000000 -0.518375 0.000000 0.000000 0.000000 0.000000 0.000000
0.000000 0.000000 -0.519470 0.000000 0.000000 0.000000 0.000000 0.000000
0.000000 0.000000 -0.520437 0.000000 0.000000 0.000000 0.000000 0.000000
0.000000 0.000000 -0.521275 0.000000 0.000000 0.000000 0.000000 0.000000
0.000000 0.000000 -0.521985 0.000000 0.000000 0.000000 0.000000 0.000000
0.000000 0.000000 -0.522566 0.000000 0.000000 0.000000 0.000000 0.000000
0.000000 0.000000 -0.523018 0.000000 0.000000 0.000000 0.000000 0.000000
0.000000 0.000000 -0.523340 0.000000 0.000000 0.000000 0.000000 0.000000
0.000000 0.000000 -0.523534 0.000000 0.000000 0.000000 0.000000 0.000000
0.000000 0.000000 -0.523599 0.000000 0.000000 0.000000 0.000000 0.000000
0.000000 0.000000 -0.523534 0.000000 0.000000 0.000000 0.000000 0.000000
0.000000 0.000000 -0.523340 0.000000 0.000000 0.000000 0.000000 0.000000
0.000000 0.000000 -0.523018 0.000000 0.000000 0.000000 0.000000 0.000000
0.000000 0.000000 -0.522566 0.000000 0.000000 0.000000 0.000000 0.000000
0.000000 0.000000 -0.521985 0.000000 0.000000 0.000000 0.000000 0.000000
0.000000 0.000000 -0.521275 0.000000 0.000000 0.000000 0.000000 0.000000
0.000000 0.000000 -0.520437 0.000000 0.000000 0.000000 0.000000 0.000000
0.000000 0.000000 -0.519470 0.000000 0.000000 0.000000 0.000000 0.000000
0.000000 0.000000 -0.518375 0.000000 0.000000 0.000000 0.000000 0.000000
0.000000 0.000000 -0.517152 0.000000 0.000000 0.000000 0.000000 0.000000
0.000000 0.000000 -0.515802 0.000000 0.000000 0.000000 0.000000 0.000000
0.000000 0.000000 -0.514324 0.000000 0.000000 0.000000 0.000000 0.000000
0.000000 0.000000 -0.512720 0.000000 0.000000 0.000000 0.000000 0.000000
0.000000 0.000000 -0.510989 0.000000 0.000000 0.000000 0.000000 0.000000
0.000000 0.000000 -0.509132 0.000000 0.000000 0.000000 0.000000 0.000000
0.000000 0.000000 -0.507149 0.000000 0.000000 0.000000 0.000000 0.000000
0.000000 0.000000 -0.505041 0.000000 0.000000 0.000000 0.000000 0.000000
0.000000 0.000000 -0.502809 0.000000 0.000000 0.000000 0.000000 0.000000
0.000000 0.000000 -0.500452 0.000000 0.000000 0.000000 0.000000 0.000000
0.000000 0.000000 -0.497972 0.000000 0.000000 0.000000 0.000000 0.000000
0.000000 0.000000 -0.495369 0.000000 0.000000 0.000000 0.000000 0.000000
0.000000 0.000000 -0.492644 0.000000 0.000000 0.000000 0.000000 0.000000
0.000000 0.000000 -0.489797 0.000000 0.000000 0.000000 0.000000 0.000000
0.000000 0.000000 -0.486830 0.000000 0.000000 0.000000 0.000000 0.000000
0.000000 0.000000 -0.483742 0.000000 0.000000 0.000000 0.000000 0.000000
0.000000 0.000000 -0.480535 0.000000 0.000000 0.000000 0.000000 0.000000
0.000000 0.000000 -0.477210 0.000000 0.000000 0.000000 0.000000 0.000000
0.000000 0.000000 -0.473766 0.000000 0.000000 0.000000 0.000000 0.000000
0.000000 0.000000 -0.470206 0.000000 0.000000 0.000000 0.000000 0.000000
0.000000 0.000000 -0.466530 0.000000 0.000000 0.000000 0.000000 0.000000
0.000000 0.000000 -0.462739 0.000000 0.000000 0.000000 0.000000 0.000000
0.000000 0.000000 -0.458833 0.000000 0.000000 0.000000 0.000000 0.000000
0.000000 0.000000 -0.454814 0.000000 0.000000 0.000000 0.000000 0.000000
0.000000 0.000000 -0.450683 0.000000 0.000000 0.000000 0.000000 0.000000
0.000000 0.000000 -0.446441 0.000000 0.000000 0.000000 0.000000 0.000000
0.000000 0.000000 -0.442089 0.000000 0.000000 0.000000 0.000000 0.000000
0.000000 0.000000 -0.437628 0.000000 0.000000 0.000000 0.000000 0.000000
0.000000 0.000000 -0.433058 0.000000 0.000000 0.000000 0.000000 0.000000
0.000000 0.000000 -0.428382 0.000000 0.000000 0.000000 0.000000 0.000000
0.000000 0.000000 -0.423600 0.000000 0.000000 0.000000 0.000000 0.000000
0.000000 0.000000 -0.418714 0.000000 0.000000 0.000000 0.000000 0.000000
0.000000 0.000000 -0.413724 0.000000 0.000000 0.000000 0.000000 0.000000
0.000000 0.000000 -0.408632 0.000000 0.000000 0.000000 0.000000 0.000000
0.000000 0.000000 -0.403440 0.000000 0.000000 0.000000 0.000000 0.000000
0.000000 0.000000 -0.398148 0.000000 0.000000 0.000000 0.000000 0.000000
0.000000 0.000000 -0.392757 0.000000 0.000000 0.000000 0.000000 0.000000
0.000000 0.000000 -0.387270 0.000000 0.000000 0.000000 0.000000 0.000000
0.000000 0.000000 -0.381687 0.000000 0.000000 0.000000 0.000000 0.000000
0.000000 0.000000 -0.376010 0.000000 0.000000 0.000000 0.000000 0.000000
0.000000 0.000000 -0.370240 0.000000 0.000000 0.000000 0.000000 0.000000
0.000000 0.000000 -0.364379 0.000000 0.000000 0.000000 0.000000 0.000000
0.000000 0.000000 -0.358428 0.000000 0.000000 0.000000 0.000000 0.000000
0.000000 0.000000 -0.352389 0.000000 0.000000 0.000000 0.000000 0.000000
0.000000 0.000000 -0.346262 0.000000 0.000000 0.000000 0.000000 0.000000
0.000000 0.000000 -0.340050 0.000000 0.000000 0.000000 0.000000 0.000000
0.000000 0.000000 -0.333754 0.000000 0.000000 0.000000 0.000000 0.000000
0.000000 0.000000 -0.327376 0.000000 0.000000 0.000000 0.000000 0.000000
0.000000 0.000000 -0.320917 0.000000 0.000000 0.000000 0.000000 0.000000
0.000000 0.000000 -0.314379 0.000000 0.000000 0.000000 0.000000 0.000000
0.000000 0.000000 -0.307764 0.000000 0.000000 0.000000 0.000000 0.000000
0.000000 0.000000 -0.301072 0.000000 0.000000 0.000000 0.000000 0.000000
0.000000 0.000000 -0.294306 0.000000 0.000000 0.000000 0.000000 0.000000
0.000000 0.000000 -0.287468 0.000000 0.000000 0.000000 0.000000 0.000000
0.000000 0.000000 -0.280558 0.000000 0.000000 0.000000 0.000000 0.000000
0.000000 0.000000 -0.273580 0.000000 0.000000 0.000000 0.000000 0.000000
0.000000 0.000000 -0.266533 0.000000 0.000000 0.000000 0.000000 0.000000
0.000000 0.000000 -0.259422 0.000000 0.000000 0.000000 0.000000 0.000000
0.000000 0.000000 -0.252246 0.000000 0.000000 0.000000 0.000000 0.000000
0.000000 0.000000 -0.245007 0.000000 0.000000 0.000000 0.000000 0.000000
0.000000 0.000000 -0.237709 0.000000 0.000000 0.000000 0.000000 0.000000
0.000000 0.000000 -0.230352 0.000000 0.000000 0.000000 0.000000 0.000000
0.000000 0.000000 -0.222938 0.000000 0.000000 0.000000 0.000000 0.000000
0.000000 0.000000 -0.215468 0.000000 0.000000 0.000000 0.000000 0.000000
0.000000 0.000000 -0.207946 0.000000 0.000000 0.000000 0.000000 0.000000
0.000000 0.000000 -0.200373 0.000000 0.000000 0.000000 0.000000 0.000000
0.000000 0.000000 -0.192750 0.000000 0.000000 0.000000 0.000000 0.000000
0.000000 0.000000 -0.185079 0.000000 0.000000 0.000000 0.000000 0.000000
0.000000 0.000000 -0.177363 0.000000 0.000000 0.000000 0.000000 0.000000
0.000000 0.000000 -0.169603 0.000000 0.000000 0.000000 0.000000 0.000000
0.000000 0.000000 -0.161801 0.000000 0.000000 0.000000 0.000000 0.000000
0.000000 0.000000 -0.153959 0.000000 0.000000 0.000000 0.000000 0.000000
0.000000 0.000000 -0.146079 0.000000 0.000000 0.000000 0.000000 0.000000
0.000000 0.000000 -0.138164 0.000000 0.000000 0.000000 0.000000 0.000000
0.000000 0.000000 -0.130214 0.000000 0.000000 0.000000 0.000000 0.000000
0.000000 0.000000 -0.122232 0.000000 0.000000 0.000000 0.000000 0.000000
0.000000 0.000000 -0.114220 0.000000 0.000000 0.000000 0.000000 0.000000
0.000000 0.000000 -0.106179 0.000000 0.000000 0.000000 0.000000 0.000000
0.000000 0.000000 -0.098113 0.000000 0.000000 0.000000 0.000000 0.000000
0.000000 0.000000 -0.090022 0.000000 0.000000 0.000000 0.000000 0.000000
0.000000 0.000000 -0.081909 0.000000 0.000000 0.000000 0.000000 0.000000
0.000000 0.000000 -0.073776 0.000000 0.000000 0.000000 0.000000 0.000000
0.000000 0.000000 -0.065624 0.000000 0.000000 0.000000 0.000000 0.000000
0.000000 0.000000 -0.057457 0.000000 0.000000 0.000000 0.000000 0.000000
0.000000 0.000000 -0.049275 0.000000 0.000000 0.000000 0.000000 0.000000
0.000000 0.000000 -0.041081 0.000000 0.000000 0.000000 0.000000 0.000000
0.000000 0.000000 -0.032877 0.000000 0.000000 0.000000 0.000000 0.000000
0.000000 0.000000 -0.024665 0.000000 0.000000 0.000000 0.000000 0.000000
0.000000 0.000000 -0.016447 0.000000 0.000000 0.000000 0.000000 0.000000
0.000000 0.000000 -0.008224 0.000000 0.000000 0.000000 0.000000 0.000000
0.000000 0.000000 -0.000000 0.000000 0.000000 0.000000 0.000000 0.000000
0.000000 0.000000 0.008224 0.000000 0.000000 0.000000 0.000000 0.000000
0.000000 0.000000 0.016447 0.000000 0.000000 0.000000 0.000000 0.000000
0.000000 0.000000 0.024665 0.000000 0.000000 0.000000 0.000000 0.000000
0.000000 0.000000 0.032877 0.000000 0.000000 0.000000 0.000000 0.000000
0.000000 0.000000 0.041081 0.000000 0.000000 0.000000 0.000000 0.000000
0.000000 0.000000 0.049275 0.000000 0.000000 0.000000 0.000000 0.000000
0.000000 0.000000 0.057457 0.000000 0.000000 0.000000 0.000000 0.000000
0.000000 0.000000 0.065624 0.000000 0.000000 0.000000 0.000000 0.000000
0.000000 0.000000 0.073776 0.000000 0.000000 0.000000 0.000000 0.000000
0.000000 0.000000 0.081909 0.000000 0.000000 0.000000 0.000000 0.000000
0.000000 0.000000 0.090022 0.000000 0.000000 0.000000 0.000000 0.000000
0.000000 0.000000 0.098113 0.000000 0.000000 0.000000 0.000000 0.000000
0.000000 0.000000 0.106179 0.000000 0.000000 0.000000 0.000000 0.000000
0.000000 0.000000 0.114220 0.000000 0.000000 0.000000 0.000000 0.000000
0.000000 0.000000 0.122232 0.000000 0.000000 0.000000 0.000000 0.000000
0.000000 0.000000 0.130214 0.000000 0.000000 0.000000 0.000000 0.000000
0.000000 0.000000 0.138164 0.000000 0.000000 0.000000 0.000000 0.000000
0.000000 0.000000 0.146079 0.000000 0.000000 0.000000 0.000000 0.000000
0.000000 0.000000 0.153959 0.000000 0.000000 0.000000 0.000000 0.000000
0.000000 0.000000 0.161801 0.000000 0.000000 0.000000 0.000000 0.000000
0.000000 0.000000 0.169603 0.000000 0.000000 0.000000 0.000000 0.000000
0.000000 0.000000 0.177363 0.000000 0.000000 0.000000 0.000000 0.000000
0.000000 0.000000 0.185079 0.000000 0.000000 0.000000 0.000000 0.000000
0.000000 0.000000 0.192750 0.000000 0.000000 0.000000 0.000000 0.000000
0.000000 0.000000 0.200373 0.000000 0.000000 0.000000 0.000000 0.000000
0.000000 0.000000 0.207946 0.000000 0.000000 0.000000 0.000000 0.000000
0.000000 0.000000 0.215468 0.000000 0.000000 0.000000 0.000000 0.000000
0.000000 0.000000 0.222938 0.000000 0.000000 0.000000 0.000000 0.000000
0.000000 0.000000 0.230352 0.000000 0.000000 0.000000 0.000000 0.000000
0.000000 0.000000 0.237709 0.000000 0.000000 0.000000 0.000000 0.000000
0.000000 0.000000 0.245007 0.000000 0.000000 0.000000 0.000000 0.000000
0.000000 0.000000 0.252246 0.000000 0.000000 0.000000 0.000000 0.000000
0.000000 0.000000 0.259422 0.000000 0.000000 0.000000 0.000000 0.000000
0.000000 0.000000 0.266533 0.000000 0.000000 0.000000 0.000000 0.000000
0.000000 0.000000 0.273580 0.000000 0.000000 0.000000 0.000000 0.000000
0.000000 0.000000 0.280558 0.000000 0.000000 0.000000 0.000000 0.000000
0.000000 0.000000 0.287468 0.000000 0.000000 0.000000 0.000000 0.000000
0.000000 0.000000 0.294306 0.000000 0.000000 0.000000 0.000000 0.000000
0.000000 0.000000 0.301072 0.000000 0.000000 0.000000 0.000000 0.000000
0.000000 0.000000 0.307764 0.000000 0.000000 0.000000 0.000000 0.000000
0.000000 0.000000 0.314379 0.000000 0.000000 0.000000 0.000000 0.000000
0.000000 0.000000 0.320917 0.000000 0.000000 0.000000 0.000000 0.000000
0.000000 0.000000 0.327376 0.000000 0.000000 0.000000 0.000000 0.000000
0.000000 0.000000 0.333754 0.000000 0.000000 0.000000 0.000000 0.000000
0.000000 0.000000 0.340050 0.000000 0.000000 0.000000 0.000000 0.000000
0.000000 0.000000 0.346262 0.000000 0.000000 0.000000 0.000000 0.000000
0.000000 0.000000 0.352389 0.000000 0.000000 0.000000 0.000000 0.000000
0.000000 0.000000 0.358428 0.000000 0.000000 0.000000 0.000000 0.000000
0.000000 0.000000 0.364379 0.000000 0.000000 0.000000 0.000000 0.000000
0.000000 0.000000 0.370240 0.000000 0.000000 0.000000 0.000000 0.000000
0.000000 0.000000 0.376010 0.000000 0.000000 0.000000 0.000000 0.000000
0.000000 0.000000 0.381687 0.000000 0.000000 0.000000 0.000000 0.000000
0.000000 0.000000 0.387270 0.000000 0.000000 0.000000 0.000000 0.000000
0.000000 0.000000 0.392757 0.000000 0.000000 0.000000 0.000000 0.000000
0.000000 0.000000 0.398148 0.000000 0.000000 0.000000 0.000000 0.000000
0.000000 0.000000 0.403440 0.000000 0.000000 0.000000 0.000000 0.000000
0.000000 0.000000 0.408632 0.000000 0.000000 0.000000 0.000000 0.000000
0.000000 0.000000 0.413724 0.000000 0.000000 0.000000 0.000000 0.000000
0.000000 0.000000 0.418714 0.000000 0.000000 0.000000 0.000000 0.000000
0.000000 0.000000 0.423600 0.000000 0.000000 0.000000 0.000000 0.000000
0.000000 0.000000 0.428382 0.000000 0.000000 0.000000 0.000000 0.000000
0.000000 0.000000 0.433058 0.000000 0.000000 0.000000 0.000000 0.000000
0.000000 0.000000 0.437628 0.000000 0.000000 0.000000 0.000000 0.000000
0.000000 0.000000 0.442089 0.000000 0.000000 0.000000 0.000000 0.000000
0.000000 0.000000 0.446441 0.000000 0.000000 0.000000 0.000000 0.000000
0.000000 0.000000 0.450683 0.000000 0.000000 0.000000 0.000000 0.000000
0.000000 0.000000 0.454814 0.000000 0.000000 0.000000 0.000000 0.000000
0.000000 0.000000 0.458833 0.000000 0.000000 0.000000 0.000000 0.000000
0.000000 0.000000 0.462739 0.000000 0.000000 0.000000 0.000000 0.000000
0.000000 0.000000 0.466530 0.000000 0.000000 0.000000 0.000000 0.000000
0.000000 0.000000 0.470206 0.000000 0.000000 0.000000 0.000000 0.000000
0.000000 0.000000 0.473766 0.000000 0.000000 0.000000 0.000000 0.000000
0.000000 0.000000 0.477210 0.000000 0.000000 0.000000 0.000000 0.000000
0.000000 0.000000 0.480535 0.000000 0.000000 0.000000 0.000000 0.000000
0.000000 0.000000 0.483742 0.000000 0.000000 0.000000 0.000000 0.000000
0.000000 0.000000 0.486830 0.000000 0.000000 0.000000 0.000000 0.000000
0.000000 0.000000 0.489797 0.000000 0.000000 0.000000 0.000000 0.000000
0.000000 0.000000 0.492644 0.000000 0.000000 0.000000 0.000000 0.000000
0.000000 0.000000 0.495369 0.000000 0.000000 0.000000 0.000000 0.000000
0.000000 0.000000 0.497972 0.000000 0.000000 0.000000 0.000000 0.000000
0.000000 0.000000 0.500452 0.000000 0.000000 0.000000 0.000000 0.000000
0.000000 0.000000 0.502809 0.000000 0.000000 0.000000 0.000000 0.000000
0.000000 0.000000 0.505041 0.000000 0.000000 0.000000 0.000000 0.000000
0.000000 0.000000 0.507149 0.000000 0.000000 0.000000 0.000000 0.000000
0.000000 0.000000 0.509132 0.000000 0.000000 0.000000 0.000000 0.000000
0.000000 0.000000 0.510989 0.000000 0.000000 0.000000 0.000000 0.000000
0.000000 0.000000 0.512720 0.000000 0.000000 0.000000 0.000000 0.000000
0.000000 0.000000 0.514324 0.000000 0.000000 0.000000 0.000000 0.000000
0.000000 0.000000 0.515802 0.000000 0.000000 0.000000 0.000000 0.000000
0.000000 0.000000 0.517152 0.000000 0.000000 0.000000 0.000000 0.000000
0.000000 0.000000 0.518375 0.000000 0.000000 0.000000 0.000000 0.000000
0.000000 0.000000 0.519470 0.000000 0.000000 0.000000 0.000000 0.000000
0.000000 0.000000 0.520437 0.000000 0.000000 0.000000 0.000000 0.000000
0.000000 0.000000 0.521275 0.000000 0.000000 0.000000 0.000000 0.000000
0.000000 0.000000 0.521985 0.000000 0.000000 0.000000 0.000000 0.000000
0.000000 0.000000 0.522566 0.000000 0.000000 0.000000 0.000000 0.000000
0.000000 0.000000 0.523018 0.000000 0.000000 0.000000 0.000000 0.000000
0.000000 0.000000 0.523340 0.000000 0.000000 0.000000 0.000000 0.000000
0.000000 0.000000 0.523534 0.000000 0.000000 0.000000 0.000000 0.000000
0.000000 0.000000 0.523599 0.000000 0.000000 0.000000 0.000000 0.000000
0.000000 0.000000 0.523534 0.000000 0.000000 0.000000 0.000000 0.000000
0.000000 0.000000 0.523340 0.000000 0.000000 0.000000 0.000000 0.000000
0.000000 0.000000 0.523018 0.000000 0.000000 0.000000 0.000000 0.000000
0.000000 0.000000 0.522566 0.000000 0.000000 0.000000 0.000000 0.000000
0.000000 0.000000 0.521985 0.000000 0.000000 0.000000 0.000000 0.000000
0.000000 0.000000 0.521275 0.000000 0.000000 0.000000 0.000000 0.000000
0.000000 0.000000 0.520437 0.000000 0.000000 0.000000 0.000000 0.000000
0.000000 0.000000 0.519470 0.000000 0.000000 0.000000 0.000000 0.000000
0.000000 0.000000 0.518375 0.000000 0.000000 0.000000 0.000000 0.000000
0.000000 0.000000 0.517152 0.000000 0.000000 0.000000 0.000000 0.000000
0.000000 0.000000 0.515802 0.000000 0.000000 0.000000 0.000000 0.000000
0.000000 0.000000 0.514324 0.000000 0.000000 0.000000 0.000000 0.000000
0.000000 0.000000 0.512720 0.000000 0.000000 0.000000 0.000000 0.000000
0.000000 0.000000 0.510989 0.000000 0.000000 0.000000 0.000000 0.000000
0.000000 0.000000 0.509132 0.000000 0.000000 0.000000 0.000000 0.000000
0.000000 0.000000 0.507149 0.000000 0.000000 0.000000 0.000000 0.000000
0.000000 0.000000 0.505041 0.000000 0.000000 0.000000 0.000000 0.000000
0.000000 0.000000 0.502809 0.000000 0.000000 0.000000 0.000000 0.000000
0.000000 0.000000 0.500452 0.000000 0.000000 0.000000 0.000000 0.000000
0.000000 0.000000 0.497972 0.000000 0.000000 0.000000 0.000000 0.000000
0.000000 0.000000 0.495369 0.000000 0.000000 0.000000 0.000000 0.000000
0.000000 0.000000 0.492644 0.000000 0.000000 0.000000 0.000000 0.000000
0.000000 0.000000 0.489797 0.000000 0.000000 0.000000 0.000000 0.000000
0.000000 0.000000 0.486830 0.000000 0.000000 0.000000 0.000000 0.000000
0.000000 0.000000 0.483742 0.000000 0.000000 0.000000 0.000000 0.000000
0.000000 0.000000 0.480535 0.000000 0.000000 0.000000 0.000000 0.000000
0.000000 0.000000 0.477210 0.000000 0.000000 0.000000 0.000000 0.000000
0.000000 0.000000 0.473766 0.000000 0.000000 0.000000 0.000000 0.000000
0.000000 0.000000 0.470206 0.000000 0.000000 0.000000 0.000000 0.000000
0.000000 0.000000 0.466530 0.000000 0.000000 0.000000 0.000000 0.000000
0.000000 0.000000 0.462739 0.000000 0.000000 0.000000 0.000000 0.000000
0.000000 0.000000 0.458833 0.000000 0.000000 0.000000 0.000000 0.000000
0.000000 0.000000 0.454814 0.000000 0.000000 0.000000 0.000000 0.000000
0.000000 0.000000 0.450683 0.000000 0.000000 0.000000 0.000000 0.000000
0.000000 0.000000 0.446441 0.000000 0.000000 0.000000 0.000000 0.000000
0.000000 0.000000 0.442089 0.000000 0.000000 0.000000 0.000000 0.000000
0.000000 0.000000 0.437628 0.000000 0.000000 0.000000 0.000000 0.000000
0.000000 0.000000 0.433058 0.000000 0.000000 0.000000 0.000000 0.000000
0.000000 0.000000 0.428382 0.000000 0.000000 0.000000 0.000000 0.000000
0.000000 0.000000 0.423600 0.000000 0.000000 0.000000 0.000000 0.000000
0.000000 0.000000 0.418714 0.000000 0.000000 0.000000 0.000000 0.000000
0.000000 0.000000 0.413724 0.000000 0.000000 0.000000 0.000000 0.000000
0.000000 0.000000 0.408632 0.000000 0.000000 0.000000 0.000000 0.000000
0.000000 0.000000 0.403440 0.000000 0.000000 0.000000 0.000000 0.000000
0.000000 0.000000 0.398148 0.000000 0.000000 0.000000 0.000000 0.000000
0.000000 0.000000 0.392757 0.000000 0.000000 0.000000 0.000000 0.000000
0.000000 0.000000 0.387270 0.000000 0.000000 0.000000 0.000000 0.000000
0.000000 0.000000 0.381687 0.000000 0.000000 0.000000 0.000000 0.000000
0.000000 0.000000 0.376010 0.000000 0.000000 0.000000 0.000000 0.000000
0.000000 0.000000 0.370240 0.000000 0.000000 0.000000 0.000000 0.000000
0.000000 0.000000 0.364379 0.000000 0.000000 0.000000 0.000000 0.000000
0.000000 0.000000 0.358428 0.000000 0.000000 0.000000 0.000000 0.000000
0.000000 0.000000 0.352389 0.000000 0.000000 0.000000 0.000000 0.000000
0.000000 0.000000 0.346262 0.000000 0.000000 0.000000 0.000000 0.000000
0.000000 0.000000 0.340050 0.000000 0.000000 0.000000 0.000000 0.000000
0.000000 0.000000 0.333754 0.000000 0.000000 0.000000 0.000000 0.000000
0.000000 0.000000 0.327376 0.000000 0.000000 0.000000 0.000000 0.000000
0.000000 0.000000 0.320917 0.000000 0.000000 0.000000 0.000000 0.000000
0.000000 0.000000 0.314379 0.000000 0.000000 0.000000 0.000000 0.000000
0.000000 0.000000 0.307764 0.000000 0.000000 0.000000 0.000000 0.000000
